
testParameters : <init>()V=[98,99
99,100
];;<init>(II)V=[86,87
87,88
88,89
89,90
]

testQuinticFunction : <init>()V=[98,99
99,100
];;doIntegrate()D=[149,150
150,151
151,153
153,154
154,155
155,163
163,164
164,165
165,153
155,156
156,157
157,158
158,159
159,163
159,160
];;stage(Lorg/apache/commons/math3/analysis/integration/BaseAbstractUnivariateIntegrator;I)D=[119,120
120,121
121,122
122,123
123,124
124,125
125,126
120,128
128,129
129,130
130,131
131,133
133,134
134,135
135,136
136,137
137,135
135,140
140,141
]

testSinFunction : <init>()V=[98,99
99,100
];;doIntegrate()D=[149,150
150,151
151,153
153,154
154,155
155,163
163,164
164,165
165,153
155,156
156,157
157,158
158,159
159,163
159,160
];;stage(Lorg/apache/commons/math3/analysis/integration/BaseAbstractUnivariateIntegrator;I)D=[119,120
120,121
121,122
122,123
123,124
124,125
125,126
120,128
128,129
129,130
130,131
131,133
133,134
134,135
135,136
136,137
137,135
135,140
140,141
]
