
testConcurrentCreation : <init>()V=[36,37
37,39
39,42
];;getRule(I)Lorg/apache/commons/math3/util/Pair;=[57,58
58,64
64,66
66,66
66,70
70,70
65,66
63,64
70,71
71,71
71,74
74,78
78,79
79,78
78,74
78,71
71,64
66,78
74,79
78,78
79,74
79,71
71,78
74,74
];;getRule(I)Lorg/apache/commons/math3/util/Pair;=null, getRuleInternal(I)Lorg/apache/commons/math3/util/Pair;=[94,95
95,96
96,97
98,99
96,101
];;addRule(Lorg/apache/commons/math3/util/Pair;)V=[111,112
112,117
117,118
];;convertToDouble(Lorg/apache/commons/math3/util/Pair;)Lorg/apache/commons/math3/util/Pair;=[139,140
140,141
141,143
143,144
144,145
140,147
147,141
141,148
148,143
149,144
145,147
140,148
141,149
149,143
143,147
147,144
143,149
144,148
145,149
149,148
148,147
147,149
147,152
152,149
152,147
140,152
152,141
147,147
147,143
143,148
148,149
149,147
152,144
147,148
143,145
141,145
145,143
148,148
148,145
149,149
148,152
147,145
145,152
148,141
141,144
144,143
149,145
145,144
144,147
144,149
145,148
149,152
140,149
149,141
148,144
]
