
testCompletelyIncorrectBandwidth1 : <init>(DID)V=[149,150
150,151
151,153
]

testCompletelyIncorrectBandwidth2 : <init>(DID)V=[149,150
150,151
151,153
]

testEmptyData : <init>()V=[94,95
95,96
96,97
97,98
98,99
];;smooth([D[D)[D=[387,388
388,392
392,393
393,395
];;smooth([D[D[D)[D=[220,221
221,225
225,227
227,228
]

testIncreasingRobustnessItersIncreasesSmoothnessWithOutliers : <init>(DID)V=[149,150
150,151
151,155
155,156
156,159
159,160
160,161
];;smooth([D[D)[D=[387,388
388,392
392,393
393,395
];;smooth([D[D[D)[D=[220,221
221,225
225,227
227,231
231,232
232,233
233,235
235,237
237,241
241,245
245,247
247,252
252,254
254,255
255,257
257,262
262,264
264,265
265,267
267,268
268,272
272,276
276,277
277,282
282,285
285,295
295,296
296,297
297,298
298,299
299,300
300,301
301,302
302,303
303,304
304,305
305,306
306,307
307,308
308,309
309,310
310,311
311,301
301,314
314,315
315,316
316,317
317,320
320,323
323,326
326,328
328,329
329,267
272,273
273,276
282,283
283,295
267,334
334,335
335,362
334,343
343,344
344,345
345,347
347,351
351,352
352,353
353,356
356,357
357,351
353,354
354,351
351,264
];;checkAllFiniteReal([D)V=[469,470
470,471
470,473
];;tricube(D)D=[453,454
454,455
455,458
458,459
455,456
];;updateBandwidthInterval([D[DI[I)V=[415,416
416,417
417,421
421,422
422,427
422,423
423,424
424,425
425,427
];;nextNonzero([DI)I=[437,438
438,439
439,442
]

testInsufficientBandwidth : <init>(DID)V=[149,150
150,151
151,155
155,156
156,159
159,160
160,161
];;smooth([D[D)[D=[387,388
388,392
392,393
393,395
];;smooth([D[D[D)[D=[220,221
221,225
225,227
227,231
231,232
232,233
233,235
235,237
237,241
241,245
245,247
247,248
248,249
];;checkAllFiniteReal([D)V=[469,470
470,471
470,473
]

testMath296withoutWeights : <init>(DID)V=[149,150
150,151
151,155
155,156
156,159
159,160
160,161
];;smooth([D[D)[D=[387,388
388,392
392,393
393,395
];;smooth([D[D[D)[D=[220,221
221,225
225,227
227,231
231,232
232,233
233,235
235,237
237,241
241,245
245,247
247,252
252,254
254,255
255,257
257,262
262,264
264,265
265,267
267,268
268,272
272,276
276,277
277,282
282,285
285,295
295,296
296,297
297,298
298,299
299,300
300,301
301,302
302,303
303,304
304,305
305,306
306,307
307,308
308,309
309,310
310,311
311,301
301,314
314,315
315,316
316,317
317,320
320,323
323,326
326,328
328,329
329,267
272,273
273,276
282,283
283,295
267,334
334,343
343,344
344,345
345,347
347,351
351,352
352,353
353,356
356,357
357,351
353,354
354,351
351,264
334,335
335,362
];;checkAllFiniteReal([D)V=[469,470
470,471
470,473
];;tricube(D)D=[453,454
454,455
455,458
458,459
455,456
];;updateBandwidthInterval([D[DI[I)V=[415,416
416,417
417,421
421,422
422,427
422,423
423,424
424,425
425,427
];;nextNonzero([DI)I=[437,438
438,439
439,442
]

testNonStrictlyIncreasing1 : <init>()V=[94,95
95,96
96,97
97,98
98,99
];;smooth([D[D)[D=[387,388
388,392
392,393
393,395
];;smooth([D[D[D)[D=[220,221
221,225
225,227
227,231
231,232
232,233
233,235
];;checkAllFiniteReal([D)V=[469,470
470,471
470,473
]

testNonStrictlyIncreasing2 : <init>()V=[94,95
95,96
96,97
97,98
98,99
];;smooth([D[D)[D=[387,388
388,392
392,393
393,395
];;smooth([D[D[D)[D=[220,221
221,225
225,227
227,231
231,232
232,233
233,235
];;checkAllFiniteReal([D)V=[469,470
470,471
470,473
]

testNotAllFiniteReal1 : <init>()V=[94,95
95,96
96,97
97,98
98,99
];;smooth([D[D)[D=[387,388
388,392
392,393
393,395
];;smooth([D[D[D)[D=[220,221
221,225
225,227
227,231
];;checkAllFiniteReal([D)V=[469,470
470,471
]

testNotAllFiniteReal2 : <init>()V=[94,95
95,96
96,97
97,98
98,99
];;smooth([D[D)[D=[387,388
388,392
392,393
393,395
];;smooth([D[D[D)[D=[220,221
221,225
225,227
227,231
];;checkAllFiniteReal([D)V=[469,470
470,471
]

testNotAllFiniteReal3 : <init>()V=[94,95
95,96
96,97
97,98
98,99
];;smooth([D[D)[D=[387,388
388,392
392,393
393,395
];;smooth([D[D[D)[D=[220,221
221,225
225,227
227,231
];;checkAllFiniteReal([D)V=[469,470
470,471
]

testNotAllFiniteReal4 : <init>()V=[94,95
95,96
96,97
97,98
98,99
];;smooth([D[D)[D=[387,388
388,392
392,393
393,395
];;smooth([D[D[D)[D=[220,221
221,225
225,227
227,231
231,232
];;checkAllFiniteReal([D)V=[469,470
470,471
470,473
]

testNotAllFiniteReal5 : <init>()V=[94,95
95,96
96,97
97,98
98,99
];;smooth([D[D)[D=[387,388
388,392
392,393
393,395
];;smooth([D[D[D)[D=[220,221
221,225
225,227
227,231
231,232
];;checkAllFiniteReal([D)V=[469,470
470,471
470,473
]

testNotAllFiniteReal6 : <init>()V=[94,95
95,96
96,97
97,98
98,99
];;smooth([D[D)[D=[387,388
388,392
392,393
393,395
];;smooth([D[D[D)[D=[220,221
221,225
225,227
227,231
231,232
];;checkAllFiniteReal([D)V=[469,470
470,471
470,473
]

testOnDistortedSine : <init>(DID)V=[149,150
150,151
151,155
155,156
156,159
159,160
160,161
];;smooth([D[D)[D=[387,388
388,392
392,393
393,395
];;smooth([D[D[D)[D=[220,221
221,225
225,227
227,231
231,232
232,233
233,235
235,237
237,241
241,245
245,247
247,252
252,254
254,255
255,257
257,262
262,264
264,265
265,267
267,268
268,272
272,276
276,277
277,282
282,285
285,295
295,296
296,297
297,298
298,299
299,300
300,301
301,302
302,303
303,304
304,305
305,306
306,307
307,308
308,309
309,310
310,311
311,301
301,314
314,315
315,316
316,317
317,320
320,323
323,326
326,328
328,329
329,267
272,273
273,276
282,283
283,295
267,334
334,343
343,344
344,345
345,347
347,351
351,352
352,353
353,356
356,357
357,351
351,264
334,335
335,362
];;checkAllFiniteReal([D)V=[469,470
470,471
470,473
];;tricube(D)D=[453,454
454,455
455,458
458,459
455,456
];;updateBandwidthInterval([D[DI[I)V=[415,416
416,417
417,421
421,422
422,427
422,423
423,424
424,425
425,427
];;nextNonzero([DI)I=[437,438
438,439
439,442
]

testOnOnePoint : <init>()V=[94,95
95,96
96,97
97,98
98,99
];;smooth([D[D)[D=[387,388
388,392
392,393
393,395
];;smooth([D[D[D)[D=[220,221
221,225
225,227
227,231
231,232
232,233
233,235
235,237
237,238
];;checkAllFiniteReal([D)V=[469,470
470,471
470,473
]

testOnStraightLine : <init>(DID)V=[149,150
150,151
151,155
155,156
156,159
159,160
160,161
];;smooth([D[D)[D=[387,388
388,392
392,393
393,395
];;smooth([D[D[D)[D=[220,221
221,225
225,227
227,231
231,232
232,233
233,235
235,237
237,241
241,245
245,247
247,252
252,254
254,255
255,257
257,262
262,264
264,265
265,267
267,268
268,272
272,276
276,277
277,282
282,285
285,295
295,296
296,297
297,298
298,299
299,300
300,301
301,302
302,303
303,304
304,305
305,306
306,307
307,308
308,309
309,310
310,311
311,301
301,314
314,315
315,316
316,317
317,320
320,323
323,326
326,328
328,329
329,267
272,273
273,276
320,321
321,326
282,283
283,295
267,334
334,343
343,344
344,345
345,347
347,348
348,362
];;checkAllFiniteReal([D)V=[469,470
470,471
470,473
];;tricube(D)D=[453,454
454,455
455,458
458,459
455,456
];;updateBandwidthInterval([D[DI[I)V=[415,416
416,417
417,421
421,422
422,427
422,423
423,424
424,425
425,427
];;nextNonzero([DI)I=[437,438
438,439
439,442
]

testOnTwoPoints : <init>()V=[94,95
95,96
96,97
97,98
98,99
];;smooth([D[D)[D=[387,388
388,392
392,393
393,395
];;smooth([D[D[D)[D=[220,221
221,225
225,227
227,231
231,232
232,233
233,235
235,237
237,241
241,242
];;checkAllFiniteReal([D)V=[469,470
470,471
470,473
]

testUnequalSizeArguments : <init>()V=[94,95
95,96
96,97
97,98
98,99
];;smooth([D[D)[D=[387,388
388,389
]
