
testParaboloid : <init>(I)V=[62,63
63,64
];;<init>(II)V=[73,74
74,75
75,78
78,81
81,82
82,84
84,85
85,88
88,89
89,90
];;interpolate([D[D[[D)Lorg/apache/commons/math3/analysis/BivariateFunction;=[38,39
];;interpolate([D[D[[D)Lorg/apache/commons/math3/analysis/interpolation/BicubicSplineInterpolatingFunction;=[100,101
101,104
104,108
108,109
109,111
111,112
112,111
111,117
117,118
118,122
122,123
123,124
124,125
125,126
126,125
125,131
131,123
123,136
136,137
137,138
138,139
139,140
140,139
139,137
137,146
146,147
147,148
148,149
149,150
150,149
149,155
155,147
147,160
160,161
161,162
162,163
163,164
164,163
163,161
161,168
]

testPlane : <init>(I)V=[62,63
63,64
];;<init>(II)V=[73,74
74,75
75,78
78,81
81,82
82,84
84,85
85,88
88,89
89,90
]

testPreconditions : <init>(I)V=[62,63
63,64
];;<init>(II)V=[73,74
74,75
75,78
78,81
81,82
82,84
84,85
85,88
88,89
89,90
];;interpolate([D[D[[D)Lorg/apache/commons/math3/analysis/BivariateFunction;=[38,39
];;interpolate([D[D[[D)Lorg/apache/commons/math3/analysis/interpolation/BicubicSplineInterpolatingFunction;=[100,101
101,104
104,108
108,109
109,111
111,112
112,111
111,117
117,118
118,122
122,123
123,124
124,125
125,126
126,125
125,131
131,123
123,136
136,137
137,138
138,139
139,140
140,139
139,137
137,146
146,147
147,148
148,149
149,150
150,149
149,155
155,147
147,160
160,161
161,162
162,163
163,164
164,163
163,161
161,168
112,113
104,105
]
