
testClassPattern : parsePattern(Ljava/lang/String;)Lorg/apache/commons/cli/Options;=[149,150
150,151
151,152
152,154
154,156
156,158
158,162
162,164
164,179
179,156
162,181
181,187
187,156
164,166
166,167
167,168
168,169
169,170
170,173
173,174
174,175
175,176
176,179
156,191
191,193
193,194
194,195
195,196
196,197
197,200
200,203
];;isValueCode(C)Z=[129,130
];;getValueClass(C)Ljava/lang/Object;=[95,96
96,105
]

testEmptyPattern : parsePattern(Ljava/lang/String;)Lorg/apache/commons/cli/Options;=[149,150
150,151
151,152
152,154
154,156
156,191
191,203
]

testExistingFilePattern : parsePattern(Ljava/lang/String;)Lorg/apache/commons/cli/Options;=[149,150
150,151
151,152
152,154
154,156
156,158
158,162
162,164
164,179
179,156
162,181
181,187
187,156
156,191
191,193
193,194
194,195
195,196
196,197
197,200
200,203
];;isValueCode(C)Z=[129,130
];;getValueClass(C)Ljava/lang/Object;=[95,96
96,109
]

testExistingFilePatternFileNotExist : parsePattern(Ljava/lang/String;)Lorg/apache/commons/cli/Options;=[149,150
150,151
151,152
152,154
154,156
156,158
158,162
162,164
164,179
179,156
162,181
181,187
187,156
156,191
191,193
193,194
194,195
195,196
196,197
197,200
200,203
];;isValueCode(C)Z=[129,130
];;getValueClass(C)Ljava/lang/Object;=[95,96
96,109
]

testNumberPattern : parsePattern(Ljava/lang/String;)Lorg/apache/commons/cli/Options;=[149,150
150,151
151,152
152,154
154,156
156,158
158,162
162,164
164,179
179,156
162,181
181,187
187,156
164,166
166,167
167,168
168,169
169,170
170,173
173,174
174,175
175,176
176,179
156,191
191,193
193,194
194,195
195,196
196,197
197,200
200,203
];;isValueCode(C)Z=[129,130
];;getValueClass(C)Ljava/lang/Object;=[95,96
96,103
]

testObjectPattern : parsePattern(Ljava/lang/String;)Lorg/apache/commons/cli/Options;=[149,150
150,151
151,152
152,154
154,156
156,158
158,162
162,164
164,179
179,156
162,181
181,187
187,156
164,166
166,167
167,168
168,169
169,170
170,173
173,174
174,175
175,176
176,179
156,191
191,193
193,194
194,195
195,196
196,197
197,200
200,203
];;isValueCode(C)Z=[129,130
];;getValueClass(C)Ljava/lang/Object;=[95,96
96,99
]

testRequiredOption : parsePattern(Ljava/lang/String;)Lorg/apache/commons/cli/Options;=[149,150
150,151
151,152
152,154
154,156
156,158
158,162
162,181
181,183
183,156
162,164
164,179
179,156
181,187
187,156
164,166
166,167
167,168
168,169
169,170
170,173
173,174
174,175
175,176
176,179
156,191
191,193
193,194
194,195
195,196
196,197
197,200
200,203
];;isValueCode(C)Z=[129,130
];;getValueClass(C)Ljava/lang/Object;=[95,96
96,103
]

testSimplePattern : <clinit>()V=[57,58
58,61
61,64
64,67
67,70
70,77
77,80
80,83
83,86
];;parsePattern(Ljava/lang/String;)Lorg/apache/commons/cli/Options;=[149,150
150,151
151,152
152,154
154,156
156,158
158,162
162,164
164,179
179,156
162,181
181,187
187,156
164,166
166,167
167,168
168,169
169,170
170,173
173,174
174,175
175,176
176,179
156,191
191,193
193,194
194,195
195,196
196,197
197,200
200,203
];;isValueCode(C)Z=[129,130
];;getValueClass(C)Ljava/lang/Object;=[95,96
96,101
96,99
96,111
96,105
96,103
96,115
96,113
96,107
]

testURLPattern : parsePattern(Ljava/lang/String;)Lorg/apache/commons/cli/Options;=[149,150
150,151
151,152
152,154
154,156
156,158
158,162
162,164
164,179
179,156
162,181
181,187
187,156
164,166
166,167
167,168
168,169
169,170
170,173
173,174
174,175
175,176
176,179
156,191
191,193
193,194
194,195
195,196
196,197
197,200
200,203
];;isValueCode(C)Z=[129,130
];;getValueClass(C)Ljava/lang/Object;=[95,96
96,115
]

testUntypedPattern : parsePattern(Ljava/lang/String;)Lorg/apache/commons/cli/Options;=[149,150
150,151
151,152
152,154
154,156
156,158
158,162
162,164
164,179
179,156
164,166
166,167
167,168
168,169
169,170
170,173
173,174
174,175
175,176
176,179
156,191
191,193
193,194
194,195
195,196
196,197
197,200
200,203
];;isValueCode(C)Z=[129,130
]
