
testMath369 : <init>()V=[37,38
38,39
];;<init>(D)V=[45,46
46,47
];;doSolve()D=[64,65
65,66
66,67
67,68
68,74
74,75
75,76
76,78
78,80
80,86
86,74
78,83
83,86
86,87
87,88
]

testQuinticZero : <init>()V=[37,38
38,39
];;<init>(D)V=[45,46
46,47
];;doSolve()D=[64,65
65,66
66,67
67,68
68,74
74,75
75,76
76,78
78,83
83,86
86,74
78,80
80,86
86,87
87,88
]

testSinZero : <init>()V=[37,38
38,39
];;<init>(D)V=[45,46
46,47
];;doSolve()D=[64,65
65,66
66,67
67,68
68,74
74,75
75,76
76,78
78,83
83,86
86,74
78,80
80,86
86,87
87,88
]
