
build : <init>(Lorg/apache/commons/math3/dfp/DfpField;D)V=[317,319
];;<init>(Lorg/apache/commons/math3/dfp/DfpField;J)V=[235,242
242,252
];;divide(Lorg/apache/commons/math3/dfp/Dfp;)Lorg/apache/commons/math3/dfp/Dfp;=[1690,1691
1691,1694
1694,1698
1698,1705
1705,1708
1708,1739
1739,1748
1748,1749
1749,1750
1750,1754
1754,1755
1755,1756
1756,1757
1757,1762
1762,1763
1763,1764
1764,1765
1765,1762
1762,1769
1769,1770
1770,1774
1774,1775
1775,1776
1776,1778
1778,1779
1779,1779
1779,1781
1781,1784
1784,1785
1785,1786
1786,1787
1787,1788
1788,1789
1789,1785
1785,1793
1793,1794
1794,1795
1795,1796
1796,1797
1797,1794
1794,1801
1801,1808
1808,1809
1809,1811
1811,1818
1818,1819
1819,1820
1820,1821
1821,1823
1823,1819
1820,1823
1823,1824
1824,1828
1828,1832
1832,1779
1779,1838
1838,1839
1839,1843
1843,1848
1848,1854
1854,1855
1855,1856
1856,1855
1855,1770
1832,1833
1833,1779
1839,1840
1840,1843
1848,1850
1850,1861
1861,1862
1862,1863
1863,1862
1863,1864
1864,1865
1865,1870
1870,1871
1871,1870
1870,1875
1875,1876
1876,1878
1878,1882
1882,1883
1883,1884
1884,1888
1888,1889
1889,1892
];;getZero()Lorg/apache/commons/math3/dfp/Dfp;=[650,651
];;newInstance(Lorg/apache/commons/math3/dfp/Dfp;)Lorg/apache/commons/math3/dfp/Dfp;=[598,599
599,606
];;<init>(Lorg/apache/commons/math3/dfp/Dfp;)V=[323,324
324,325
325,326
326,327
327,328
328,329
329,330
];;round(I)I=[1425,1426
1426,1427
1427,1445
1445,1446
1446,1462
1462,1464
1464,1465
1465,1466
1466,1467
1467,1468
1468,1465
1465,1471
1471,1478
1478,1484
1484,1490
1490,1492
1492,1493
1462,1478
1490,1496
];;=null, $SWITCH_TABLE$org$apache$commons$math3$dfp$DfpField$RoundingMode()[I=[97,98
];;dotrap(ILjava/lang/String;Lorg/apache/commons/math3/dfp/Dfp;Lorg/apache/commons/math3/dfp/Dfp;)Lorg/apache/commons/math3/dfp/Dfp;=[2245,2246
2246,2248
2248,2297
2297,2300
];;trap(ILjava/lang/String;Lorg/apache/commons/math3/dfp/Dfp;Lorg/apache/commons/math3/dfp/Dfp;Lorg/apache/commons/math3/dfp/Dfp;)Lorg/apache/commons/math3/dfp/Dfp;=[2315,2316
];;add(Lorg/apache/commons/math3/dfp/Dfp;)Lorg/apache/commons/math3/dfp/Dfp;=[1261,1262
1262,1270
1270,1301
1301,1302
1302,1305
1305,1308
1308,1309
1309,1311
1311,1312
1312,1315
1315,1316
1316,1323
1323,1327
1327,1332
1332,1333
1333,1334
1334,1335
1335,1336
1336,1341
1341,1350
1350,1351
1351,1352
1352,1353
1353,1354
1354,1351
1351,1356
1356,1357
1357,1362
1362,1373
1373,1374
1374,1375
1375,1386
1386,1396
1396,1397
1397,1398
1398,1401
1334,1337
1337,1341
1341,1342
1342,1345
1345,1350
1374,1377
1377,1378
1378,1379
1379,1380
1380,1381
1381,1373
1378,1373
1373,1386
1386,1387
1387,1389
1389,1391
1391,1396
1397,1401
];;compare(Lorg/apache/commons/math3/dfp/Dfp;Lorg/apache/commons/math3/dfp/Dfp;)I=[948,949
949,954
954,963
963,967
967,971
971,976
976,977
977,978
977,981
981,987
987,988
988,992
992,987
987,997
949,950
950,951
];;align(I)I=[698,699
699,700
700,702
702,704
704,705
705,706
706,709
709,713
713,724
724,725
725,730
730,734
734,736
736,737
737,724
724,742
742,747
705,709
709,710
];;shiftRight()V=[682,683
683,684
683,686
686,687
687,688
];;getOne()Lorg/apache/commons/math3/dfp/Dfp;=[657,658
];;multiply(Lorg/apache/commons/math3/dfp/Dfp;)Lorg/apache/commons/math3/dfp/Dfp;=[1506,1507
1507,1514
1514,1517
1517,1554
1554,1556
1556,1557
1557,1558
1558,1559
1559,1560
1560,1562
1562,1563
1563,1558
1558,1565
1565,1556
1556,1569
1569,1570
1570,1571
1571,1570
1571,1572
1572,1573
1573,1578
1578,1579
1579,1578
1578,1583
1583,1584
1584,1586
1586,1592
1592,1593
1593,1594
1594,1598
1598,1602
];;subtract(Ljava/lang/Object;)Ljava/lang/Object;=[0,1
];;subtract(Lorg/apache/commons/math3/dfp/Dfp;)Lorg/apache/commons/math3/dfp/Dfp;=[1417,1418
];;negate()Lorg/apache/commons/math3/dfp/Dfp;=[1407,1408
1408,1409
1409,1410
];;complement(I)I=[1238,1239
1239,1240
1240,1241
1241,1240
1240,1244
1244,1245
1245,1246
1246,1247
1247,1248
1248,1249
1249,1246
1246,1252
];;shiftLeft()V=[670,671
671,672
671,674
674,675
675,676
];;getReal()D=[2518,2519
];;toDouble()D=[2416,2417
2417,2425
2425,2429
2429,2430
2430,2431
2431,2432
2432,2433
];;isInfinite()Z=[874,875
];;isNaN()Z=[881,882
]

cmptst : greaterThan(Lorg/apache/commons/math3/dfp/Dfp;)Z=[782,783
783,792
792,793
793,794
794,795
];;isNaN()Z=[881,882
];;getZero()Lorg/apache/commons/math3/dfp/Dfp;=[650,651
];;newInstance(Lorg/apache/commons/math3/dfp/Dfp;)Lorg/apache/commons/math3/dfp/Dfp;=[598,599
599,606
];;<init>(Lorg/apache/commons/math3/dfp/Dfp;)V=[326,327
327,328
328,329
329,330
];;dotrap(ILjava/lang/String;Lorg/apache/commons/math3/dfp/Dfp;Lorg/apache/commons/math3/dfp/Dfp;)Lorg/apache/commons/math3/dfp/Dfp;=[2245,2246
2246,2248
2248,2250
2250,2251
2251,2252
2252,2253
2253,2300
2248,2256
2256,2258
2258,2259
2259,2260
2260,2263
2263,2269
2269,2274
2274,2300
2256,2263
2263,2265
2265,2266
2266,2269
];;trap(ILjava/lang/String;Lorg/apache/commons/math3/dfp/Dfp;Lorg/apache/commons/math3/dfp/Dfp;Lorg/apache/commons/math3/dfp/Dfp;)Lorg/apache/commons/math3/dfp/Dfp;=[2315,2316
];;<init>(Lorg/apache/commons/math3/dfp/DfpField;I)V=[204,205
];;<init>(Lorg/apache/commons/math3/dfp/DfpField;J)V=[239,235
235,242
242,252
];;<init>(Lorg/apache/commons/math3/dfp/DfpField;Ljava/lang/String;)V=[532,535
];;getRadixDigits()I=[643,644
];;round(I)I=[1425,1426
1426,1427
1427,1445
1445,1446
1446,1462
1462,1478
1478,1484
1484,1490
1490,1492
1492,1493
1490,1496
1462,1464
1464,1465
1465,1466
1466,1467
1467,1468
1468,1465
1465,1471
1471,1478
];;=null, $SWITCH_TABLE$org$apache$commons$math3$dfp$DfpField$RoundingMode()[I=[97,98
];;divide(Lorg/apache/commons/math3/dfp/Dfp;)Lorg/apache/commons/math3/dfp/Dfp;=[1690,1691
1691,1694
1694,1698
1698,1705
1705,1708
1708,1739
1739,1740
1740,1741
1741,1742
1742,1743
1743,1744
1744,1745
];;<init>(Lorg/apache/commons/math3/dfp/DfpField;BB)V=[547,548
548,549
];;getField()Lorg/apache/commons/math3/dfp/DfpField;=[636,637
]

testAdd : <init>(Lorg/apache/commons/math3/dfp/DfpField;Ljava/lang/String;)V=[532,535
];;getRadixDigits()I=[643,644
];;round(I)I=[1425,1426
1426,1427
1427,1445
1445,1446
1446,1462
1462,1478
1478,1484
1484,1490
1490,1496
];;=null, $SWITCH_TABLE$org$apache$commons$math3$dfp$DfpField$RoundingMode()[I=[97,98
];;add(Lorg/apache/commons/math3/dfp/Dfp;)Lorg/apache/commons/math3/dfp/Dfp;=[1261,1262
1262,1270
1270,1301
1301,1302
1302,1305
1305,1308
1308,1309
1309,1311
1311,1312
1312,1315
1315,1316
1316,1323
1323,1327
1327,1332
1332,1333
1333,1334
1334,1337
1337,1341
1341,1350
1350,1351
1351,1352
1352,1353
1353,1354
1354,1351
1351,1356
1356,1357
1357,1362
1362,1373
1373,1374
1374,1375
1375,1386
1386,1396
1396,1397
1397,1401
];;newInstance(Lorg/apache/commons/math3/dfp/Dfp;)Lorg/apache/commons/math3/dfp/Dfp;=[598,599
599,606
];;<init>(Lorg/apache/commons/math3/dfp/Dfp;)V=[327,328
328,329
329,330
];;getZero()Lorg/apache/commons/math3/dfp/Dfp;=[650,651
];;compare(Lorg/apache/commons/math3/dfp/Dfp;Lorg/apache/commons/math3/dfp/Dfp;)I=[948,949
949,954
954,963
963,967
967,971
971,976
976,977
977,981
981,987
987,988
988,992
992,987
987,997
];;align(I)I=[698,699
699,700
700,702
702,704
704,705
705,709
709,710
]

testByteConstructor : <init>(Lorg/apache/commons/math3/dfp/DfpField;I)V=[204,205
];;<init>(Lorg/apache/commons/math3/dfp/DfpField;J)V=[239,235
235,242
242,252
];;<init>(Lorg/apache/commons/math3/dfp/DfpField;Ljava/lang/String;)V=[532,535
];;getRadixDigits()I=[643,644
];;round(I)I=[1425,1426
1426,1427
1427,1445
1445,1446
1446,1462
1462,1478
1478,1484
1484,1490
1490,1492
1492,1493
1490,1496
1462,1464
1464,1465
1465,1466
1466,1467
1467,1468
1468,1465
1465,1471
1471,1478
];;=null, $SWITCH_TABLE$org$apache$commons$math3$dfp$DfpField$RoundingMode()[I=[97,98
];;divide(Lorg/apache/commons/math3/dfp/Dfp;)Lorg/apache/commons/math3/dfp/Dfp;=[1690,1691
1691,1694
1694,1698
1698,1705
1705,1708
1708,1739
1739,1740
1740,1741
1741,1742
1742,1743
1743,1744
1744,1745
];;getZero()Lorg/apache/commons/math3/dfp/Dfp;=[650,651
];;newInstance(Lorg/apache/commons/math3/dfp/Dfp;)Lorg/apache/commons/math3/dfp/Dfp;=[598,599
599,606
];;<init>(Lorg/apache/commons/math3/dfp/Dfp;)V=[328,329
329,330
];;dotrap(ILjava/lang/String;Lorg/apache/commons/math3/dfp/Dfp;Lorg/apache/commons/math3/dfp/Dfp;)Lorg/apache/commons/math3/dfp/Dfp;=[2245,2246
2246,2248
2248,2256
2256,2258
2258,2259
2259,2260
2260,2263
2263,2269
2269,2274
2274,2300
2256,2263
2263,2265
2265,2266
2266,2269
];;trap(ILjava/lang/String;Lorg/apache/commons/math3/dfp/Dfp;Lorg/apache/commons/math3/dfp/Dfp;Lorg/apache/commons/math3/dfp/Dfp;)Lorg/apache/commons/math3/dfp/Dfp;=[2315,2316
];;<init>(Lorg/apache/commons/math3/dfp/DfpField;BB)V=[547,548
548,549
];;getField()Lorg/apache/commons/math3/dfp/DfpField;=[636,637
]

testCeil : <init>(Lorg/apache/commons/math3/dfp/DfpField;Ljava/lang/String;)V=[530,532
532,535
];;getRadixDigits()I=[643,644
];;round(I)I=[1425,1426
1426,1427
1427,1445
1445,1446
1446,1462
1462,1478
1478,1484
1484,1490
1490,1496
1490,1492
1492,1493
1462,1464
1464,1465
1465,1466
1466,1467
1467,1468
1468,1465
1465,1471
1471,1478
];;=null, $SWITCH_TABLE$org$apache$commons$math3$dfp$DfpField$RoundingMode()[I=[97,98
];;ceil()Lorg/apache/commons/math3/dfp/Dfp;=[1025,1026
];;trunc(Lorg/apache/commons/math3/dfp/DfpField=null, trunc(Lorg/apache/commons/math3/dfp/DfpField$RoundingMode;)Lorg/apache/commons/math3/dfp/Dfp;=[1051,1052
1052,1054
1054,1058
1058,1062
1062,1069
1069,1080
1080,1087
1087,1088
1088,1089
1089,1090
1090,1088
1088,1093
1093,1094
1094,1103
1103,1105
1105,1107
1107,1129
1129,1130
1130,1131
];;isNaN()Z=[881,882
];;newInstance(Lorg/apache/commons/math3/dfp/Dfp;)Lorg/apache/commons/math3/dfp/Dfp;=[598,599
599,606
];;<init>(Lorg/apache/commons/math3/dfp/Dfp;)V=[324,325
325,326
326,327
327,328
328,329
329,330
];;getOne()Lorg/apache/commons/math3/dfp/Dfp;=[657,658
];;add(Lorg/apache/commons/math3/dfp/Dfp;)Lorg/apache/commons/math3/dfp/Dfp;=[1261,1262
1262,1270
1270,1301
1301,1302
1302,1305
1305,1308
1308,1309
1309,1311
1311,1312
1312,1315
1315,1316
1316,1317
1317,1323
1323,1327
1327,1332
1332,1333
1333,1334
1334,1337
1337,1341
1341,1350
1350,1351
1351,1352
1352,1353
1353,1354
1354,1351
1351,1356
1356,1357
1357,1362
1362,1373
1373,1374
1374,1375
1375,1386
1386,1396
1396,1397
1397,1401
];;getZero()Lorg/apache/commons/math3/dfp/Dfp;=[650,651
];;compare(Lorg/apache/commons/math3/dfp/Dfp;Lorg/apache/commons/math3/dfp/Dfp;)I=[948,949
949,954
954,963
963,967
967,971
971,976
976,977
977,981
981,987
987,988
988,989
988,992
992,987
987,997
976,987
];;align(I)I=[698,699
699,700
700,702
702,704
704,705
705,709
709,710
];;dotrap(ILjava/lang/String;Lorg/apache/commons/math3/dfp/Dfp;Lorg/apache/commons/math3/dfp/Dfp;)Lorg/apache/commons/math3/dfp/Dfp;=[2245,2246
2246,2248
2248,2297
2297,2300
2248,2256
2256,2258
2258,2259
2259,2260
2260,2263
2263,2269
2269,2274
2274,2300
2256,2263
2263,2265
2265,2266
2266,2269
];;trap(ILjava/lang/String;Lorg/apache/commons/math3/dfp/Dfp;Lorg/apache/commons/math3/dfp/Dfp;Lorg/apache/commons/math3/dfp/Dfp;)Lorg/apache/commons/math3/dfp/Dfp;=[2315,2316
];;equals(Ljava/lang/Object;)Z=[906,907
907,908
908,909
909,913
];;getField()Lorg/apache/commons/math3/dfp/DfpField;=[636,637
];;<init>(Lorg/apache/commons/math3/dfp/DfpField;I)V=[204,205
];;<init>(Lorg/apache/commons/math3/dfp/DfpField;J)V=[239,235
235,242
242,252
];;divide(Lorg/apache/commons/math3/dfp/Dfp;)Lorg/apache/commons/math3/dfp/Dfp;=[1690,1691
1691,1694
1694,1698
1698,1705
1705,1708
1708,1739
1739,1740
1740,1741
1741,1742
1742,1743
1743,1744
1744,1745
];;<init>(Lorg/apache/commons/math3/dfp/DfpField;BB)V=[547,548
548,549
]

testCompare : <init>(Lorg/apache/commons/math3/dfp/DfpField;Ljava/lang/String;)V=[530,532
532,535
];;getRadixDigits()I=[643,644
];;round(I)I=[1425,1426
1426,1427
1427,1445
1445,1446
1446,1462
1462,1478
1478,1484
1484,1490
1490,1496
];;=null, $SWITCH_TABLE$org$apache$commons$math3$dfp$DfpField$RoundingMode()[I=[97,98
]

testCopySign : <init>(Lorg/apache/commons/math3/dfp/DfpField;Ljava/lang/String;)V=[532,535
];;getRadixDigits()I=[643,644
];;round(I)I=[1425,1426
1426,1427
1427,1445
1445,1446
1446,1462
1462,1478
1478,1484
1484,1490
1490,1496
1490,1492
1492,1493
1462,1464
1464,1465
1465,1466
1466,1467
1467,1468
1468,1465
1465,1471
1471,1478
];;=null, $SWITCH_TABLE$org$apache$commons$math3$dfp$DfpField$RoundingMode()[I=[97,98
];;copysign(Lorg/apache/commons/math3/dfp/Dfp;Lorg/apache/commons/math3/dfp/Dfp;)Lorg/apache/commons/math3/dfp/Dfp;=[2332,2333
2333,2334
2334,2335
];;newInstance(Lorg/apache/commons/math3/dfp/Dfp;)Lorg/apache/commons/math3/dfp/Dfp;=[598,599
599,606
];;<init>(Lorg/apache/commons/math3/dfp/Dfp;)V=[324,325
325,326
326,327
327,328
328,329
329,330
];;equals(Ljava/lang/Object;)Z=[906,907
907,908
908,909
909,913
];;isNaN()Z=[881,882
];;compare(Lorg/apache/commons/math3/dfp/Dfp;Lorg/apache/commons/math3/dfp/Dfp;)I=[948,949
949,954
954,963
963,967
967,971
971,976
976,977
977,981
981,987
987,988
988,992
992,987
987,997
954,955
955,956
976,987
988,989
];;getField()Lorg/apache/commons/math3/dfp/DfpField;=[636,637
];;<init>(Lorg/apache/commons/math3/dfp/DfpField;I)V=[204,205
];;<init>(Lorg/apache/commons/math3/dfp/DfpField;J)V=[239,235
235,242
242,252
];;divide(Lorg/apache/commons/math3/dfp/Dfp;)Lorg/apache/commons/math3/dfp/Dfp;=[1690,1691
1691,1694
1694,1698
1698,1705
1705,1708
1708,1739
1739,1740
1740,1741
1741,1742
1742,1743
1743,1744
1744,1745
];;getZero()Lorg/apache/commons/math3/dfp/Dfp;=[650,651
];;dotrap(ILjava/lang/String;Lorg/apache/commons/math3/dfp/Dfp;Lorg/apache/commons/math3/dfp/Dfp;)Lorg/apache/commons/math3/dfp/Dfp;=[2245,2246
2246,2248
2248,2256
2256,2258
2258,2259
2259,2260
2260,2263
2263,2269
2269,2274
2274,2300
2256,2263
2263,2265
2265,2266
2266,2269
];;trap(ILjava/lang/String;Lorg/apache/commons/math3/dfp/Dfp;Lorg/apache/commons/math3/dfp/Dfp;Lorg/apache/commons/math3/dfp/Dfp;)Lorg/apache/commons/math3/dfp/Dfp;=[2315,2316
];;<init>(Lorg/apache/commons/math3/dfp/DfpField;BB)V=[547,548
548,549
]

testDivide : <init>(Lorg/apache/commons/math3/dfp/DfpField;Ljava/lang/String;)V=[532,535
];;getRadixDigits()I=[643,644
];;round(I)I=[1425,1426
1426,1427
1427,1445
1445,1446
1446,1462
1462,1478
1478,1484
1484,1490
1490,1496
1490,1492
1492,1493
1462,1464
1464,1465
1465,1466
1466,1467
1467,1468
1468,1465
1465,1471
1471,1478
1478,1480
1480,1481
1484,1486
1486,1487
];;=null, $SWITCH_TABLE$org$apache$commons$math3$dfp$DfpField$RoundingMode()[I=[97,98
];;divide(Lorg/apache/commons/math3/dfp/Dfp;)Lorg/apache/commons/math3/dfp/Dfp;=[1690,1691
1691,1694
1694,1698
1698,1705
1705,1708
1708,1709
1709,1713
1713,1714
1709,1710
1713,1717
1717,1718
1718,1719
1719,1720
1717,1723
1723,1729
1729,1730
1730,1731
1731,1732
1732,1733
1733,1734
1708,1739
1739,1740
1740,1741
1741,1742
1742,1743
1743,1744
1744,1745
1739,1748
1748,1749
1749,1750
1750,1754
1754,1755
1755,1756
1756,1757
1757,1762
1762,1763
1763,1764
1764,1765
1765,1762
1762,1769
1769,1770
1770,1774
1774,1775
1775,1776
1776,1778
1778,1779
1779,1779
1779,1781
1781,1784
1784,1785
1785,1786
1786,1787
1787,1788
1788,1789
1789,1785
1785,1793
1793,1794
1794,1795
1795,1796
1796,1797
1797,1794
1794,1801
1801,1808
1808,1809
1809,1811
1811,1818
1818,1819
1819,1820
1820,1821
1821,1823
1823,1819
1820,1823
1819,1828
1828,1832
1832,1779
1779,1838
1838,1839
1839,1843
1843,1848
1848,1854
1854,1855
1855,1856
1856,1855
1855,1770
1811,1812
1812,1813
1813,1779
1823,1824
1824,1828
1832,1833
1833,1779
1839,1840
1840,1843
1848,1850
1850,1861
1861,1862
1862,1863
1863,1862
1863,1864
1864,1865
1865,1870
1870,1871
1871,1870
1870,1875
1875,1876
1876,1878
1878,1882
1882,1883
1883,1884
1884,1888
1888,1889
1889,1892
1888,1892
1801,1803
1803,1804
1804,1779
1723,1724
1724,1725
1725,1726
1770,1861
1862,1870
1878,1879
1879,1882
];;getZero()Lorg/apache/commons/math3/dfp/Dfp;=[650,651
];;newInstance(Lorg/apache/commons/math3/dfp/Dfp;)Lorg/apache/commons/math3/dfp/Dfp;=[598,599
599,606
];;<init>(Lorg/apache/commons/math3/dfp/Dfp;)V=[323,324
324,325
325,326
326,327
327,328
328,329
329,330
];;isNaN()Z=[881,882
];;equals(Ljava/lang/Object;)Z=[906,907
907,908
908,909
909,910
909,913
];;unequal(Lorg/apache/commons/math3/dfp/Dfp;)Z=[933,934
934,935
];;toString()Ljava/lang/String;=[2066,2067
2067,2069
2069,2072
2067,2076
2076,2080
];;getField()Lorg/apache/commons/math3/dfp/DfpField;=[636,637
];;compare(Lorg/apache/commons/math3/dfp/Dfp;Lorg/apache/commons/math3/dfp/Dfp;)I=[948,949
949,950
950,954
954,963
963,967
967,971
971,972
963,964
954,955
955,956
949,954
971,976
976,977
977,981
981,987
987,988
988,992
992,987
987,997
976,987
988,989
950,951
];;dotrap(ILjava/lang/String;Lorg/apache/commons/math3/dfp/Dfp;Lorg/apache/commons/math3/dfp/Dfp;)Lorg/apache/commons/math3/dfp/Dfp;=[2245,2246
2246,2248
2248,2250
2250,2251
2251,2252
2252,2253
2253,2300
2248,2256
2256,2263
2263,2265
2265,2266
2266,2269
2269,2274
2274,2300
2256,2258
2258,2259
2259,2260
2260,2263
2263,2269
2248,2297
2297,2300
2248,2281
2281,2285
2285,2287
2287,2288
2288,2300
2248,2291
2291,2292
2292,2293
2293,2294
2294,2295
2295,2300
];;trap(ILjava/lang/String;Lorg/apache/commons/math3/dfp/Dfp;Lorg/apache/commons/math3/dfp/Dfp;Lorg/apache/commons/math3/dfp/Dfp;)Lorg/apache/commons/math3/dfp/Dfp;=[2315,2316
];;dfp2string()Ljava/lang/String;=[2168,2169
2169,2170
2170,2172
2172,2173
2173,2175
2175,2177
2177,2178
2178,2179
2179,2180
2180,2183
2183,2183
2183,2191
2191,2192
2192,2193
2193,2194
2194,2195
2195,2196
2196,2191
2191,2202
2202,2202
2202,2210
2210,2216
2216,2217
2217,2217
2217,2218
2218,2217
2217,2220
2220,2221
2221,2225
2225,2225
2225,2226
2226,2225
2225,2230
2230,2234
2230,2231
2231,2234
];;<init>(Lorg/apache/commons/math3/dfp/DfpField;I)V=[204,205
];;<init>(Lorg/apache/commons/math3/dfp/DfpField;J)V=[239,235
235,242
242,252
];;<init>(Lorg/apache/commons/math3/dfp/DfpField;BB)V=[547,548
548,549
]

testDivideInt : divide(I)Lorg/apache/commons/math3/dfp/Dfp;=[1902,1903
1903,1904
1904,1905
1904,1908
1908,1909
1903,1914
1914,1915
1915,1916
1916,1917
1917,1918
1918,1919
1919,1920
1914,1924
1924,1932
1932,1934
1934,1935
1935,1936
1936,1937
1937,1938
1938,1939
1939,1935
1935,1942
1942,1944
1944,1945
1945,1946
1946,1947
1947,1948
1948,1951
1951,1952
1952,1953
1953,1956
1942,1951
1952,1956
1924,1925
1925,1926
1926,1927
1927,1928
1928,1929
];;isNaN()Z=[881,882
];;equals(Ljava/lang/Object;)Z=[906,907
907,908
908,909
909,910
909,913
];;unequal(Lorg/apache/commons/math3/dfp/Dfp;)Z=[933,934
934,935
];;toString()Ljava/lang/String;=[2066,2067
2067,2069
2069,2072
2067,2076
2076,2080
];;<init>(Lorg/apache/commons/math3/dfp/DfpField;Ljava/lang/String;)V=[530,532
532,535
];;getRadixDigits()I=[643,644
];;round(I)I=[1425,1426
1426,1427
1427,1445
1445,1446
1446,1462
1462,1478
1478,1484
1484,1490
1490,1496
1490,1492
1492,1493
1462,1464
1464,1465
1465,1466
1466,1467
1467,1468
1468,1465
1465,1471
1471,1478
1478,1480
1480,1481
];;=null, $SWITCH_TABLE$org$apache$commons$math3$dfp$DfpField$RoundingMode()[I=[97,98
];;getField()Lorg/apache/commons/math3/dfp/DfpField;=[636,637
];;newInstance(Lorg/apache/commons/math3/dfp/Dfp;)Lorg/apache/commons/math3/dfp/Dfp;=[598,599
599,606
];;<init>(Lorg/apache/commons/math3/dfp/Dfp;)V=[325,326
326,327
327,328
328,329
329,330
];;compare(Lorg/apache/commons/math3/dfp/Dfp;Lorg/apache/commons/math3/dfp/Dfp;)I=[948,949
949,950
950,954
954,963
963,967
967,971
971,972
963,964
954,955
955,956
949,954
971,976
976,977
977,981
981,987
987,988
988,992
992,987
987,997
976,987
988,989
950,951
];;getZero()Lorg/apache/commons/math3/dfp/Dfp;=[650,651
];;dotrap(ILjava/lang/String;Lorg/apache/commons/math3/dfp/Dfp;Lorg/apache/commons/math3/dfp/Dfp;)Lorg/apache/commons/math3/dfp/Dfp;=[2245,2246
2246,2248
2248,2256
2256,2263
2263,2265
2265,2266
2266,2269
2269,2274
2274,2300
2256,2258
2258,2259
2259,2260
2260,2263
2263,2269
2248,2297
2297,2300
2248,2281
2281,2285
2285,2287
2287,2288
2288,2300
2248,2250
2250,2251
2251,2252
2252,2253
2253,2300
];;trap(ILjava/lang/String;Lorg/apache/commons/math3/dfp/Dfp;Lorg/apache/commons/math3/dfp/Dfp;Lorg/apache/commons/math3/dfp/Dfp;)Lorg/apache/commons/math3/dfp/Dfp;=[2315,2316
];;shiftLeft()V=[670,671
671,672
671,674
674,675
675,676
];;dfp2string()Ljava/lang/String;=[2168,2169
2169,2170
2170,2172
2172,2173
2173,2175
2175,2177
2177,2178
2178,2179
2179,2180
2180,2183
2183,2183
2183,2184
2184,2185
2185,2186
2186,2187
2187,2188
2188,2183
2183,2191
2191,2192
2192,2193
2193,2194
2194,2195
2195,2196
2196,2191
2191,2202
2202,2202
2202,2210
2210,2216
2216,2217
2217,2217
2217,2218
2218,2217
2217,2220
2220,2221
2221,2225
2225,2225
2225,2226
2226,2225
2225,2230
2230,2234
];;<init>(Lorg/apache/commons/math3/dfp/DfpField;I)V=[204,205
];;<init>(Lorg/apache/commons/math3/dfp/DfpField;J)V=[239,235
235,242
242,252
];;divide(Lorg/apache/commons/math3/dfp/Dfp;)Lorg/apache/commons/math3/dfp/Dfp;=[1690,1691
1691,1694
1694,1698
1698,1705
1705,1708
1708,1739
1739,1740
1740,1741
1741,1742
1742,1743
1743,1744
1744,1745
];;<init>(Lorg/apache/commons/math3/dfp/DfpField;BB)V=[547,548
548,549
]

testFloor : <init>(Lorg/apache/commons/math3/dfp/DfpField;Ljava/lang/String;)V=[530,532
532,535
];;getRadixDigits()I=[643,644
];;round(I)I=[1425,1426
1426,1427
1427,1445
1445,1446
1446,1462
1462,1478
1478,1484
1484,1490
1490,1496
1490,1492
1492,1493
1462,1464
1464,1465
1465,1466
1466,1467
1467,1468
1468,1465
1465,1471
1471,1478
];;=null, $SWITCH_TABLE$org$apache$commons$math3$dfp$DfpField$RoundingMode()[I=[97,98
];;floor()Lorg/apache/commons/math3/dfp/Dfp;=[1016,1017
];;trunc(Lorg/apache/commons/math3/dfp/DfpField=null, trunc(Lorg/apache/commons/math3/dfp/DfpField$RoundingMode;)Lorg/apache/commons/math3/dfp/Dfp;=[1051,1052
1052,1054
1054,1058
1058,1062
1062,1069
1069,1080
1080,1087
1087,1088
1088,1089
1089,1090
1090,1088
1088,1093
1093,1094
1094,1096
1096,1129
1129,1130
1130,1131
];;isNaN()Z=[881,882
];;newInstance(Lorg/apache/commons/math3/dfp/Dfp;)Lorg/apache/commons/math3/dfp/Dfp;=[598,599
599,606
];;<init>(Lorg/apache/commons/math3/dfp/Dfp;)V=[327,328
328,329
329,330
];;dotrap(ILjava/lang/String;Lorg/apache/commons/math3/dfp/Dfp;Lorg/apache/commons/math3/dfp/Dfp;)Lorg/apache/commons/math3/dfp/Dfp;=[2245,2246
2246,2248
2248,2297
2297,2300
2248,2256
2256,2258
2258,2259
2259,2260
2260,2263
2263,2269
2269,2274
2274,2300
2256,2263
2263,2265
2265,2266
2266,2269
];;trap(ILjava/lang/String;Lorg/apache/commons/math3/dfp/Dfp;Lorg/apache/commons/math3/dfp/Dfp;Lorg/apache/commons/math3/dfp/Dfp;)Lorg/apache/commons/math3/dfp/Dfp;=[2315,2316
];;equals(Ljava/lang/Object;)Z=[906,907
907,908
908,909
909,913
];;compare(Lorg/apache/commons/math3/dfp/Dfp;Lorg/apache/commons/math3/dfp/Dfp;)I=[948,949
949,954
954,963
963,967
967,971
971,976
976,977
977,981
981,987
987,988
988,992
992,987
987,997
976,987
988,989
];;getField()Lorg/apache/commons/math3/dfp/DfpField;=[636,637
];;<init>(Lorg/apache/commons/math3/dfp/DfpField;I)V=[204,205
];;<init>(Lorg/apache/commons/math3/dfp/DfpField;J)V=[239,235
235,242
242,252
];;divide(Lorg/apache/commons/math3/dfp/Dfp;)Lorg/apache/commons/math3/dfp/Dfp;=[1690,1691
1691,1694
1694,1698
1698,1705
1705,1708
1708,1739
1739,1740
1740,1741
1741,1742
1742,1743
1743,1744
1744,1745
];;getZero()Lorg/apache/commons/math3/dfp/Dfp;=[650,651
];;<init>(Lorg/apache/commons/math3/dfp/DfpField;BB)V=[547,548
548,549
]

testIntConstructor : <init>(Lorg/apache/commons/math3/dfp/DfpField;I)V=[204,205
];;<init>(Lorg/apache/commons/math3/dfp/DfpField;J)V=[239,235
235,242
242,252
];;<init>(Lorg/apache/commons/math3/dfp/DfpField;Ljava/lang/String;)V=[532,535
];;getRadixDigits()I=[643,644
];;round(I)I=[1425,1426
1426,1427
1427,1445
1445,1446
1446,1462
1462,1478
1478,1484
1484,1490
1490,1492
1492,1493
1490,1496
1462,1464
1464,1465
1465,1466
1466,1467
1467,1468
1468,1465
1465,1471
1471,1478
];;=null, $SWITCH_TABLE$org$apache$commons$math3$dfp$DfpField$RoundingMode()[I=[97,98
];;divide(Lorg/apache/commons/math3/dfp/Dfp;)Lorg/apache/commons/math3/dfp/Dfp;=[1690,1691
1691,1694
1694,1698
1698,1705
1705,1708
1708,1739
1739,1740
1740,1741
1741,1742
1742,1743
1743,1744
1744,1745
];;getZero()Lorg/apache/commons/math3/dfp/Dfp;=[650,651
];;newInstance(Lorg/apache/commons/math3/dfp/Dfp;)Lorg/apache/commons/math3/dfp/Dfp;=[598,599
599,606
];;<init>(Lorg/apache/commons/math3/dfp/Dfp;)V=[328,329
329,330
];;dotrap(ILjava/lang/String;Lorg/apache/commons/math3/dfp/Dfp;Lorg/apache/commons/math3/dfp/Dfp;)Lorg/apache/commons/math3/dfp/Dfp;=[2245,2246
2246,2248
2248,2256
2256,2258
2258,2259
2259,2260
2260,2263
2263,2269
2269,2274
2274,2300
2256,2263
2263,2265
2265,2266
2266,2269
];;trap(ILjava/lang/String;Lorg/apache/commons/math3/dfp/Dfp;Lorg/apache/commons/math3/dfp/Dfp;Lorg/apache/commons/math3/dfp/Dfp;)Lorg/apache/commons/math3/dfp/Dfp;=[2315,2316
];;<init>(Lorg/apache/commons/math3/dfp/DfpField;BB)V=[547,548
548,549
];;getField()Lorg/apache/commons/math3/dfp/DfpField;=[636,637
]

testIntValue : <init>(Lorg/apache/commons/math3/dfp/DfpField;Ljava/lang/String;)V=[532,535
];;getRadixDigits()I=[643,644
];;round(I)I=[1425,1426
1426,1427
1427,1445
1445,1446
1446,1462
1462,1478
1478,1484
1484,1490
1490,1496
1490,1492
1492,1493
1462,1464
1464,1465
1465,1466
1466,1467
1467,1468
1468,1465
1465,1471
1471,1478
];;=null, $SWITCH_TABLE$org$apache$commons$math3$dfp$DfpField$RoundingMode()[I=[97,98
];;intValue()I=[1142,1143
1143,1145
1145,1147
1147,1151
1151,1155
1155,1156
1156,1155
1155,1159
1159,1163
1159,1160
1160,1163
1147,1148
1151,1152
];;rint()Lorg/apache/commons/math3/dfp/Dfp;=[1007,1008
];;trunc(Lorg/apache/commons/math3/dfp/DfpField=null, trunc(Lorg/apache/commons/math3/dfp/DfpField$RoundingMode;)Lorg/apache/commons/math3/dfp/Dfp;=[1051,1052
1052,1054
1054,1058
1058,1062
1062,1069
1069,1080
1080,1087
1087,1088
1088,1089
1089,1090
1090,1088
1088,1093
1093,1134
1093,1094
1094,1111
1111,1112
1112,1113
1113,1114
1114,1121
1121,1129
1129,1130
1130,1131
1114,1115
1115,1116
1116,1117
1117,1121
1080,1081
];;isNaN()Z=[881,882
];;newInstance(Lorg/apache/commons/math3/dfp/Dfp;)Lorg/apache/commons/math3/dfp/Dfp;=[598,599
599,606
];;<init>(Lorg/apache/commons/math3/dfp/Dfp;)V=[323,324
324,325
325,326
326,327
327,328
328,329
329,330
];;newInstance(I)Lorg/apache/commons/math3/dfp/Dfp;=[571,572
];;getField()Lorg/apache/commons/math3/dfp/DfpField;=[636,637
];;<init>(Lorg/apache/commons/math3/dfp/DfpField;I)V=[204,205
];;<init>(Lorg/apache/commons/math3/dfp/DfpField;J)V=[238,239
239,235
235,242
242,252
];;greaterThan(Lorg/apache/commons/math3/dfp/Dfp;)Z=[782,783
783,792
792,798
];;compare(Lorg/apache/commons/math3/dfp/Dfp;Lorg/apache/commons/math3/dfp/Dfp;)I=[948,949
949,954
954,963
963,967
967,971
971,976
976,977
977,978
954,955
955,958
955,956
977,981
981,987
987,988
988,992
992,987
988,989
987,997
981,982
];;lessThan(Lorg/apache/commons/math3/dfp/Dfp;)Z=[757,758
758,767
767,773
];;newInstance(Ljava/lang/String;)Lorg/apache/commons/math3/dfp/Dfp;=[615,616
];;subtract(Lorg/apache/commons/math3/dfp/Dfp;)Lorg/apache/commons/math3/dfp/Dfp;=[1417,1418
];;negate()Lorg/apache/commons/math3/dfp/Dfp;=[1407,1408
1408,1409
1409,1410
];;add(Lorg/apache/commons/math3/dfp/Dfp;)Lorg/apache/commons/math3/dfp/Dfp;=[1261,1262
1262,1270
1270,1301
1301,1302
1302,1305
1305,1308
1308,1309
1309,1311
1311,1312
1312,1315
1315,1316
1316,1317
1317,1323
1323,1327
1327,1332
1332,1333
1333,1334
1334,1337
1337,1341
1341,1342
1342,1343
1343,1344
1344,1350
1350,1351
1351,1352
1352,1353
1353,1354
1354,1351
1351,1356
1356,1357
1357,1362
1362,1373
1373,1374
1374,1377
1377,1378
1378,1379
1379,1380
1380,1381
1381,1373
1374,1375
1375,1386
1386,1396
1396,1397
1397,1401
1341,1350
];;getZero()Lorg/apache/commons/math3/dfp/Dfp;=[650,651
];;align(I)I=[698,699
699,700
700,702
702,704
704,705
705,709
709,710
];;complement(I)I=[1238,1239
1239,1240
1240,1241
1241,1240
1240,1244
1244,1245
1245,1246
1246,1247
1247,1248
1248,1249
1249,1246
1246,1252
];;shiftLeft()V=[670,671
671,672
671,674
674,675
675,676
];;equals(Ljava/lang/Object;)Z=[906,907
907,908
908,909
909,913
];;dotrap(ILjava/lang/String;Lorg/apache/commons/math3/dfp/Dfp;Lorg/apache/commons/math3/dfp/Dfp;)Lorg/apache/commons/math3/dfp/Dfp;=[2245,2246
2246,2248
2248,2297
2297,2300
2248,2256
2256,2258
2258,2259
2259,2260
2260,2263
2263,2269
2269,2274
2274,2300
2256,2263
2263,2265
2265,2266
2266,2269
];;trap(ILjava/lang/String;Lorg/apache/commons/math3/dfp/Dfp;Lorg/apache/commons/math3/dfp/Dfp;Lorg/apache/commons/math3/dfp/Dfp;)Lorg/apache/commons/math3/dfp/Dfp;=[2315,2316
];;getOne()Lorg/apache/commons/math3/dfp/Dfp;=[657,658
];;divide(Lorg/apache/commons/math3/dfp/Dfp;)Lorg/apache/commons/math3/dfp/Dfp;=[1690,1691
1691,1694
1694,1698
1698,1705
1705,1708
1708,1739
1739,1740
1740,1741
1741,1742
1742,1743
1743,1744
1744,1745
];;<init>(Lorg/apache/commons/math3/dfp/DfpField;BB)V=[547,548
548,549
]

testIsZero : isZero()Z=[889,890
890,896
890,891
891,892
892,893
];;isNaN()Z=[881,882
];;isInfinite()Z=[874,875
];;negate()Lorg/apache/commons/math3/dfp/Dfp;=[1407,1408
1408,1409
1409,1410
];;newInstance(Lorg/apache/commons/math3/dfp/Dfp;)Lorg/apache/commons/math3/dfp/Dfp;=[598,599
599,606
];;<init>(Lorg/apache/commons/math3/dfp/Dfp;)V=[327,328
328,329
329,330
];;<init>(Lorg/apache/commons/math3/dfp/DfpField;D)V=[315,316
316,317
317,319
];;<init>(Lorg/apache/commons/math3/dfp/DfpField;J)V=[237,238
238,239
239,235
235,242
242,252
];;divide(Lorg/apache/commons/math3/dfp/Dfp;)Lorg/apache/commons/math3/dfp/Dfp;=[1690,1691
1691,1694
1694,1698
1698,1705
1705,1708
1708,1739
1739,1748
1748,1749
1749,1750
1750,1754
1754,1755
1755,1756
1756,1757
1757,1762
1762,1763
1763,1764
1764,1765
1765,1762
1762,1769
1769,1770
1770,1774
1774,1775
1775,1776
1776,1778
1778,1779
1779,1779
1779,1781
1781,1784
1784,1785
1785,1786
1786,1787
1787,1788
1788,1789
1789,1785
1785,1793
1793,1794
1794,1795
1795,1796
1796,1797
1797,1794
1794,1801
1801,1808
1808,1809
1809,1811
1811,1818
1818,1819
1819,1820
1820,1821
1821,1823
1823,1819
1820,1823
1823,1824
1824,1828
1828,1832
1832,1779
1779,1838
1838,1839
1839,1843
1843,1848
1848,1854
1854,1855
1855,1856
1856,1855
1855,1770
1839,1840
1840,1843
1848,1850
1850,1861
1861,1862
1862,1863
1863,1862
1863,1864
1864,1865
1865,1870
1870,1871
1871,1870
1870,1875
1875,1876
1876,1878
1878,1882
1882,1883
1883,1884
1884,1888
1888,1889
1889,1892
1819,1828
1801,1803
1803,1804
1804,1779
1832,1833
1833,1779
1811,1812
1812,1813
1813,1779
1739,1740
1740,1741
1741,1742
1742,1743
1743,1744
1744,1745
];;getZero()Lorg/apache/commons/math3/dfp/Dfp;=[650,651
];;round(I)I=[1425,1426
1426,1427
1427,1445
1445,1446
1446,1462
1462,1464
1464,1465
1465,1466
1466,1467
1467,1468
1468,1465
1465,1471
1471,1478
1478,1484
1484,1490
1490,1492
1492,1493
1462,1478
1490,1496
];;=null, $SWITCH_TABLE$org$apache$commons$math3$dfp$DfpField$RoundingMode()[I=[97,98
];;dotrap(ILjava/lang/String;Lorg/apache/commons/math3/dfp/Dfp;Lorg/apache/commons/math3/dfp/Dfp;)Lorg/apache/commons/math3/dfp/Dfp;=[2245,2246
2246,2248
2248,2297
2297,2300
2248,2250
2250,2251
2251,2252
2252,2253
2253,2300
2248,2256
2256,2258
2258,2259
2259,2260
2260,2263
2263,2269
2269,2274
2274,2300
2256,2263
2263,2265
2265,2266
2266,2269
];;trap(ILjava/lang/String;Lorg/apache/commons/math3/dfp/Dfp;Lorg/apache/commons/math3/dfp/Dfp;Lorg/apache/commons/math3/dfp/Dfp;)Lorg/apache/commons/math3/dfp/Dfp;=[2315,2316
];;add(Lorg/apache/commons/math3/dfp/Dfp;)Lorg/apache/commons/math3/dfp/Dfp;=[1261,1262
1262,1270
1270,1301
1301,1302
1302,1305
1305,1308
1308,1309
1309,1311
1311,1312
1312,1315
1315,1316
1316,1323
1323,1327
1327,1332
1332,1333
1333,1334
1334,1335
1335,1336
1336,1341
1341,1350
1350,1351
1351,1352
1352,1353
1353,1354
1354,1351
1351,1356
1356,1357
1357,1362
1362,1373
1373,1374
1374,1375
1375,1386
1386,1396
1396,1397
1397,1398
1398,1401
];;compare(Lorg/apache/commons/math3/dfp/Dfp;Lorg/apache/commons/math3/dfp/Dfp;)I=[948,949
949,954
954,963
963,967
967,971
971,976
976,977
977,978
];;align(I)I=[698,699
699,700
700,702
702,704
704,705
705,706
706,709
709,713
713,724
724,725
725,730
730,734
734,736
736,737
737,724
724,742
742,747
];;shiftRight()V=[682,683
683,684
683,686
686,687
687,688
];;getOne()Lorg/apache/commons/math3/dfp/Dfp;=[657,658
];;multiply(Lorg/apache/commons/math3/dfp/Dfp;)Lorg/apache/commons/math3/dfp/Dfp;=[1506,1507
1507,1514
1514,1517
1517,1554
1554,1556
1556,1557
1557,1558
1558,1559
1559,1560
1560,1562
1562,1563
1563,1558
1558,1565
1565,1556
1556,1569
1569,1570
1570,1571
1571,1570
1571,1572
1572,1573
1573,1578
1578,1579
1579,1578
1578,1583
1583,1584
1584,1586
1586,1592
1592,1593
1593,1594
1594,1598
1598,1602
1598,1599
1599,1602
];;<init>(Lorg/apache/commons/math3/dfp/DfpField;I)V=[204,205
];;<init>(Lorg/apache/commons/math3/dfp/DfpField;Ljava/lang/String;)V=[532,535
];;getRadixDigits()I=[643,644
];;<init>(Lorg/apache/commons/math3/dfp/DfpField;BB)V=[547,548
548,549
];;getField()Lorg/apache/commons/math3/dfp/DfpField;=[636,637
]

testIssue567 : <init>(Lorg/apache/commons/math3/dfp/DfpField;I)V=[203,204
204,205
];;<init>(Lorg/apache/commons/math3/dfp/DfpField;J)V=[237,238
238,239
239,235
235,242
242,252
];;sqrt()Lorg/apache/commons/math3/dfp/Dfp;=[1971,1972
1972,1977
1977,1997
1997,2008
2008,2011
2011,2016
2016,2018
2018,2019
2019,2030
2030,2035
2035,2036
2036,2037
2037,2037
2037,2038
2038,2039
2039,2040
2040,2041
2041,2042
2042,2043
2043,2044
2044,2046
2046,2053
2053,2037
2053,2054
2054,2058
2037,2058
2016,2027
2027,2030
];;newInstance(Lorg/apache/commons/math3/dfp/Dfp;)Lorg/apache/commons/math3/dfp/Dfp;=[598,599
599,606
];;<init>(Lorg/apache/commons/math3/dfp/Dfp;)V=[328,329
329,330
];;getZero()Lorg/apache/commons/math3/dfp/Dfp;=[650,651
];;unequal(Lorg/apache/commons/math3/dfp/Dfp;)Z=[933,934
934,938
];;isNaN()Z=[881,882
];;greaterThan(Lorg/apache/commons/math3/dfp/Dfp;)Z=[782,783
783,792
792,798
];;compare(Lorg/apache/commons/math3/dfp/Dfp;Lorg/apache/commons/math3/dfp/Dfp;)I=[948,949
949,954
954,963
963,967
967,971
971,976
976,987
987,988
988,989
976,977
977,981
981,987
981,982
988,992
992,993
992,987
987,997
977,978
949,950
950,951
];;divide(Lorg/apache/commons/math3/dfp/Dfp;)Lorg/apache/commons/math3/dfp/Dfp;=[1690,1691
1691,1694
1694,1698
1698,1705
1705,1708
1708,1739
1739,1748
1748,1749
1749,1750
1750,1754
1754,1755
1755,1756
1756,1757
1757,1762
1762,1763
1763,1764
1764,1765
1765,1762
1762,1769
1769,1770
1770,1774
1774,1775
1775,1776
1776,1778
1778,1779
1779,1779
1779,1781
1781,1784
1784,1785
1785,1786
1786,1787
1787,1788
1788,1789
1789,1785
1785,1793
1793,1794
1794,1795
1795,1796
1796,1797
1797,1794
1794,1801
1801,1808
1808,1809
1809,1811
1811,1818
1818,1819
1819,1820
1820,1823
1823,1819
1819,1828
1828,1832
1832,1833
1833,1779
1820,1821
1821,1823
1832,1779
1779,1838
1838,1839
1839,1840
1840,1843
1843,1848
1848,1854
1854,1855
1855,1856
1856,1855
1855,1770
1848,1850
1850,1861
1861,1862
1862,1863
1863,1864
1864,1865
1865,1870
1870,1871
1871,1870
1870,1875
1875,1876
1876,1878
1878,1882
1882,1883
1883,1884
1884,1888
1888,1892
1801,1803
1803,1804
1804,1779
1811,1812
1812,1813
1813,1779
1823,1824
1824,1828
1888,1889
1889,1892
1839,1843
1863,1862
1828,1829
1829,1832
1770,1861
1862,1870
1878,1879
1879,1882
1739,1740
1740,1741
1741,1742
1742,1743
1743,1744
1744,1745
];;round(I)I=[1425,1426
1426,1427
1427,1445
1445,1446
1446,1462
1462,1478
1478,1484
1484,1490
1490,1496
1490,1492
1492,1493
1462,1464
1464,1465
1465,1466
1466,1467
1467,1468
1468,1465
1465,1471
1471,1478
];;=null, $SWITCH_TABLE$org$apache$commons$math3$dfp$DfpField$RoundingMode()[I=[97,98
];;add(Lorg/apache/commons/math3/dfp/Dfp;)Lorg/apache/commons/math3/dfp/Dfp;=[1261,1262
1262,1270
1270,1301
1301,1302
1302,1305
1305,1308
1308,1309
1309,1311
1311,1312
1312,1315
1315,1316
1316,1317
1317,1323
1323,1327
1327,1332
1332,1333
1333,1334
1334,1337
1337,1341
1341,1342
1342,1343
1343,1344
1344,1350
1350,1351
1351,1352
1352,1353
1353,1354
1354,1351
1351,1356
1356,1357
1357,1362
1362,1373
1373,1374
1374,1375
1375,1386
1386,1396
1396,1397
1397,1401
1374,1377
1377,1378
1378,1379
1379,1380
1380,1381
1381,1373
1397,1398
1398,1401
1378,1373
1316,1323
1342,1345
1345,1350
1373,1386
1386,1387
1387,1389
1389,1391
1391,1396
1323,1324
1324,1327
1341,1350
1334,1335
1335,1336
1336,1341
1362,1363
1363,1364
1364,1365
1365,1366
1366,1367
1367,1368
1368,1373
];;align(I)I=[698,699
699,700
700,702
702,704
704,705
705,709
709,710
705,706
706,709
709,713
713,724
724,725
725,730
730,734
734,736
736,737
737,724
724,742
742,747
730,731
731,734
742,743
743,744
744,747
713,715
715,716
716,718
718,719
719,721
];;complement(I)I=[1238,1239
1239,1240
1240,1241
1241,1240
1240,1244
1244,1245
1245,1246
1246,1247
1247,1248
1248,1249
1249,1246
1246,1252
];;divide(I)Lorg/apache/commons/math3/dfp/Dfp;=[1902,1903
1903,1914
1914,1924
1924,1932
1932,1934
1934,1935
1935,1936
1936,1937
1937,1938
1938,1939
1939,1935
1935,1942
1942,1944
1944,1945
1945,1946
1946,1947
1947,1948
1948,1951
1951,1952
1952,1956
1942,1951
1952,1953
1953,1956
];;shiftLeft()V=[670,671
671,672
671,674
674,675
675,676
];;shiftRight()V=[682,683
683,684
683,686
686,687
687,688
];;equals(Ljava/lang/Object;)Z=[906,907
907,908
908,909
909,913
];;lessThan(Lorg/apache/commons/math3/dfp/Dfp;)Z=[757,758
758,767
767,773
];;dotrap(ILjava/lang/String;Lorg/apache/commons/math3/dfp/Dfp;Lorg/apache/commons/math3/dfp/Dfp;)Lorg/apache/commons/math3/dfp/Dfp;=[2245,2246
2246,2248
2248,2297
2297,2300
2248,2256
2256,2258
2258,2259
2259,2260
2260,2263
2263,2269
2269,2274
2274,2300
2256,2263
2263,2265
2265,2266
2266,2269
];;trap(ILjava/lang/String;Lorg/apache/commons/math3/dfp/Dfp;Lorg/apache/commons/math3/dfp/Dfp;Lorg/apache/commons/math3/dfp/Dfp;)Lorg/apache/commons/math3/dfp/Dfp;=[2315,2316
];;toString()Ljava/lang/String;=[2066,2067
2067,2076
2076,2080
];;dfp2string()Ljava/lang/String;=[2168,2169
2169,2170
2170,2172
2172,2173
2173,2175
2175,2177
2177,2183
2183,2191
2191,2192
2192,2193
2193,2194
2194,2195
2195,2196
2196,2197
2197,2198
2198,2191
2196,2191
2191,2202
2202,2202
2202,2210
2210,2216
2216,2217
2217,2217
2217,2218
2218,2217
2217,2220
2220,2225
2225,2230
2230,2234
2177,2178
2178,2179
2179,2180
2180,2183
2183,2183
2220,2221
2221,2225
2225,2225
2225,2226
2226,2225
];;subtract(Lorg/apache/commons/math3/dfp/Dfp;)Lorg/apache/commons/math3/dfp/Dfp;=[1417,1418
];;negate()Lorg/apache/commons/math3/dfp/Dfp;=[1407,1408
1408,1409
1409,1410
];;multiply(Lorg/apache/commons/math3/dfp/Dfp;)Lorg/apache/commons/math3/dfp/Dfp;=[1506,1507
1507,1514
1514,1517
1517,1554
1554,1556
1556,1557
1557,1558
1558,1559
1559,1560
1560,1562
1562,1563
1563,1558
1558,1565
1565,1556
1556,1569
1569,1570
1570,1571
1571,1570
1571,1572
1572,1573
1573,1578
1578,1579
1579,1578
1578,1583
1583,1584
1584,1586
1586,1592
1592,1593
1593,1594
1594,1598
1598,1602
1598,1599
1599,1602
1570,1578
1586,1588
1588,1592
];;getField()Lorg/apache/commons/math3/dfp/DfpField;=[636,637
];;<init>(Lorg/apache/commons/math3/dfp/DfpField;Ljava/lang/String;)V=[530,532
532,535
];;getRadixDigits()I=[643,644
];;toDouble()D=[2416,2417
2417,2425
2425,2429
2429,2430
2430,2431
2431,2432
2432,2433
];;isInfinite()Z=[874,875
];;<init>(Lorg/apache/commons/math3/dfp/DfpField;D)V=[271,273
273,275
275,278
];;<init>(Lorg/apache/commons/math3/dfp/DfpField;BB)V=[547,548
548,549
]

testLog10 : <init>(Lorg/apache/commons/math3/dfp/DfpField;Ljava/lang/String;)V=[532,535
];;getRadixDigits()I=[643,644
];;round(I)I=[1425,1426
1426,1427
1427,1445
1445,1446
1446,1462
1462,1478
1478,1484
1484,1490
1490,1496
1490,1492
1492,1493
1462,1464
1464,1465
1465,1466
1466,1467
1467,1468
1468,1465
1465,1471
1471,1478
];;=null, $SWITCH_TABLE$org$apache$commons$math3$dfp$DfpField$RoundingMode()[I=[97,98
];;intLog10()I=[1189,1190
1190,1193
1193,1196
1196,1197
1193,1194
1190,1191
1196,1199
];;<init>(Lorg/apache/commons/math3/dfp/DfpField;I)V=[204,205
];;<init>(Lorg/apache/commons/math3/dfp/DfpField;J)V=[239,235
235,242
242,252
];;divide(Lorg/apache/commons/math3/dfp/Dfp;)Lorg/apache/commons/math3/dfp/Dfp;=[1690,1691
1691,1694
1694,1698
1698,1705
1705,1708
1708,1739
1739,1740
1740,1741
1741,1742
1742,1743
1743,1744
1744,1745
];;getZero()Lorg/apache/commons/math3/dfp/Dfp;=[650,651
];;newInstance(Lorg/apache/commons/math3/dfp/Dfp;)Lorg/apache/commons/math3/dfp/Dfp;=[598,599
599,606
];;<init>(Lorg/apache/commons/math3/dfp/Dfp;)V=[328,329
329,330
];;dotrap(ILjava/lang/String;Lorg/apache/commons/math3/dfp/Dfp;Lorg/apache/commons/math3/dfp/Dfp;)Lorg/apache/commons/math3/dfp/Dfp;=[2245,2246
2246,2248
2248,2256
2256,2258
2258,2259
2259,2260
2260,2263
2263,2269
2269,2274
2274,2300
2256,2263
2263,2265
2265,2266
2266,2269
];;trap(ILjava/lang/String;Lorg/apache/commons/math3/dfp/Dfp;Lorg/apache/commons/math3/dfp/Dfp;Lorg/apache/commons/math3/dfp/Dfp;)Lorg/apache/commons/math3/dfp/Dfp;=[2315,2316
];;<init>(Lorg/apache/commons/math3/dfp/DfpField;BB)V=[547,548
548,549
];;getField()Lorg/apache/commons/math3/dfp/DfpField;=[636,637
]

testLog10K : <init>(Lorg/apache/commons/math3/dfp/DfpField;Ljava/lang/String;)V=[530,532
532,535
];;getRadixDigits()I=[643,644
];;round(I)I=[1425,1426
1426,1427
1427,1445
1445,1446
1446,1462
1462,1478
1478,1484
1484,1490
1490,1496
1490,1492
1492,1493
1462,1464
1464,1465
1465,1466
1466,1467
1467,1468
1468,1465
1465,1471
1471,1478
];;=null, $SWITCH_TABLE$org$apache$commons$math3$dfp$DfpField$RoundingMode()[I=[97,98
];;log10K()I=[1171,1172
];;<init>(Lorg/apache/commons/math3/dfp/DfpField;I)V=[204,205
];;<init>(Lorg/apache/commons/math3/dfp/DfpField;J)V=[239,235
235,242
242,252
];;divide(Lorg/apache/commons/math3/dfp/Dfp;)Lorg/apache/commons/math3/dfp/Dfp;=[1690,1691
1691,1694
1694,1698
1698,1705
1705,1708
1708,1739
1739,1740
1740,1741
1741,1742
1742,1743
1743,1744
1744,1745
];;getZero()Lorg/apache/commons/math3/dfp/Dfp;=[650,651
];;newInstance(Lorg/apache/commons/math3/dfp/Dfp;)Lorg/apache/commons/math3/dfp/Dfp;=[598,599
599,606
];;<init>(Lorg/apache/commons/math3/dfp/Dfp;)V=[328,329
329,330
];;dotrap(ILjava/lang/String;Lorg/apache/commons/math3/dfp/Dfp;Lorg/apache/commons/math3/dfp/Dfp;)Lorg/apache/commons/math3/dfp/Dfp;=[2245,2246
2246,2248
2248,2256
2256,2258
2258,2259
2259,2260
2260,2263
2263,2269
2269,2274
2274,2300
2256,2263
2263,2265
2265,2266
2266,2269
];;trap(ILjava/lang/String;Lorg/apache/commons/math3/dfp/Dfp;Lorg/apache/commons/math3/dfp/Dfp;Lorg/apache/commons/math3/dfp/Dfp;)Lorg/apache/commons/math3/dfp/Dfp;=[2315,2316
];;<init>(Lorg/apache/commons/math3/dfp/DfpField;BB)V=[547,548
548,549
];;getField()Lorg/apache/commons/math3/dfp/DfpField;=[636,637
]

testLongConstructor : <init>(Lorg/apache/commons/math3/dfp/DfpField;I)V=[204,205
];;<init>(Lorg/apache/commons/math3/dfp/DfpField;J)V=[239,235
235,242
242,252
];;<init>(Lorg/apache/commons/math3/dfp/DfpField;Ljava/lang/String;)V=[532,535
];;getRadixDigits()I=[643,644
];;round(I)I=[1425,1426
1426,1427
1427,1445
1445,1446
1446,1462
1462,1478
1478,1484
1484,1490
1490,1492
1492,1493
1490,1496
1462,1464
1464,1465
1465,1466
1466,1467
1467,1468
1468,1465
1465,1471
1471,1478
];;=null, $SWITCH_TABLE$org$apache$commons$math3$dfp$DfpField$RoundingMode()[I=[97,98
];;divide(Lorg/apache/commons/math3/dfp/Dfp;)Lorg/apache/commons/math3/dfp/Dfp;=[1690,1691
1691,1694
1694,1698
1698,1705
1705,1708
1708,1739
1739,1740
1740,1741
1741,1742
1742,1743
1743,1744
1744,1745
];;getZero()Lorg/apache/commons/math3/dfp/Dfp;=[650,651
];;newInstance(Lorg/apache/commons/math3/dfp/Dfp;)Lorg/apache/commons/math3/dfp/Dfp;=[598,599
599,606
];;<init>(Lorg/apache/commons/math3/dfp/Dfp;)V=[328,329
329,330
];;dotrap(ILjava/lang/String;Lorg/apache/commons/math3/dfp/Dfp;Lorg/apache/commons/math3/dfp/Dfp;)Lorg/apache/commons/math3/dfp/Dfp;=[2245,2246
2246,2248
2248,2256
2256,2258
2258,2259
2259,2260
2260,2263
2263,2269
2269,2274
2274,2300
2256,2263
2263,2265
2265,2266
2266,2269
];;trap(ILjava/lang/String;Lorg/apache/commons/math3/dfp/Dfp;Lorg/apache/commons/math3/dfp/Dfp;Lorg/apache/commons/math3/dfp/Dfp;)Lorg/apache/commons/math3/dfp/Dfp;=[2315,2316
];;<init>(Lorg/apache/commons/math3/dfp/DfpField;BB)V=[547,548
548,549
];;getField()Lorg/apache/commons/math3/dfp/DfpField;=[636,637
]

testMultiply : <init>(Lorg/apache/commons/math3/dfp/DfpField;Ljava/lang/String;)V=[532,535
];;getRadixDigits()I=[643,644
];;round(I)I=[1425,1426
1426,1427
1427,1445
1445,1446
1446,1462
1462,1478
1478,1484
1484,1490
1490,1496
1484,1486
1486,1487
1478,1480
1480,1481
1490,1492
1492,1493
1462,1464
1464,1465
1465,1466
1466,1467
1467,1468
1468,1465
1465,1471
1471,1478
];;=null, $SWITCH_TABLE$org$apache$commons$math3$dfp$DfpField$RoundingMode()[I=[97,98
];;multiply(Lorg/apache/commons/math3/dfp/Dfp;)Lorg/apache/commons/math3/dfp/Dfp;=[1506,1507
1507,1514
1514,1517
1517,1554
1554,1556
1556,1557
1557,1558
1558,1559
1559,1560
1560,1562
1562,1563
1563,1558
1558,1565
1565,1556
1556,1569
1569,1570
1570,1571
1571,1570
1571,1572
1572,1573
1573,1578
1578,1579
1579,1578
1578,1583
1583,1584
1584,1586
1586,1592
1592,1593
1593,1594
1594,1598
1598,1602
1570,1578
1586,1588
1588,1592
1517,1518
1518,1522
1522,1526
1526,1532
1532,1533
1533,1534
1534,1535
1526,1527
1527,1528
1528,1529
1598,1599
1599,1602
1522,1523
1518,1519
1532,1538
1538,1544
1544,1545
1545,1546
1546,1547
1547,1548
1548,1549
1549,1550
1544,1546
1538,1539
1539,1540
1540,1541
];;getZero()Lorg/apache/commons/math3/dfp/Dfp;=[650,651
];;newInstance(Lorg/apache/commons/math3/dfp/Dfp;)Lorg/apache/commons/math3/dfp/Dfp;=[598,599
599,606
];;<init>(Lorg/apache/commons/math3/dfp/Dfp;)V=[323,324
324,325
325,326
326,327
327,328
328,329
329,330
];;equals(Ljava/lang/Object;)Z=[906,907
907,908
908,909
909,913
909,910
];;isNaN()Z=[881,882
];;compare(Lorg/apache/commons/math3/dfp/Dfp;Lorg/apache/commons/math3/dfp/Dfp;)I=[948,949
949,954
954,963
963,967
967,971
971,976
976,977
977,981
981,987
987,988
988,992
992,987
987,997
976,987
988,989
954,955
955,956
949,950
950,951
950,954
971,972
963,964
];;getField()Lorg/apache/commons/math3/dfp/DfpField;=[636,637
];;multiply(I)Lorg/apache/commons/math3/dfp/Dfp;=[1610,1611
1611,1612
1611,1614
];;multiplyFast(I)Lorg/apache/commons/math3/dfp/Dfp;=[1623,1624
1624,1627
1627,1647
1647,1655
1655,1656
1656,1657
1657,1658
1658,1659
1659,1656
1656,1662
1662,1663
1663,1669
1669,1673
1673,1674
1674,1678
1669,1670
1670,1673
1663,1664
1664,1665
1665,1666
1666,1669
1674,1675
1675,1678
1627,1628
1628,1632
1632,1633
1633,1634
1632,1637
1637,1638
1638,1639
1639,1640
1640,1641
1641,1642
1628,1629
];;toString()Ljava/lang/String;=[2066,2067
2067,2076
2076,2080
2067,2069
2069,2072
];;dfp2string()Ljava/lang/String;=[2168,2169
2169,2170
2170,2172
2172,2173
2173,2175
2175,2177
2177,2178
2178,2179
2179,2180
2180,2183
2183,2183
2183,2191
2191,2192
2192,2193
2193,2194
2194,2195
2195,2196
2196,2191
2191,2202
2202,2202
2202,2210
2210,2216
2216,2217
2217,2217
2217,2218
2218,2217
2217,2220
2220,2221
2221,2225
2225,2225
2225,2226
2226,2225
2225,2230
2230,2231
2231,2234
2230,2234
];;shiftRight()V=[682,683
683,684
683,686
686,687
687,688
];;dotrap(ILjava/lang/String;Lorg/apache/commons/math3/dfp/Dfp;Lorg/apache/commons/math3/dfp/Dfp;)Lorg/apache/commons/math3/dfp/Dfp;=[2245,2246
2246,2248
2248,2291
2291,2292
2292,2293
2293,2294
2294,2295
2295,2300
2248,2281
2281,2285
2285,2287
2287,2288
2288,2300
2248,2250
2250,2251
2251,2252
2252,2253
2253,2300
2248,2256
2256,2258
2258,2259
2259,2260
2260,2263
2263,2269
2269,2274
2274,2300
2256,2263
2263,2265
2265,2266
2266,2269
];;trap(ILjava/lang/String;Lorg/apache/commons/math3/dfp/Dfp;Lorg/apache/commons/math3/dfp/Dfp;Lorg/apache/commons/math3/dfp/Dfp;)Lorg/apache/commons/math3/dfp/Dfp;=[2315,2316
];;unequal(Lorg/apache/commons/math3/dfp/Dfp;)Z=[933,934
934,935
];;newInstance(I)Lorg/apache/commons/math3/dfp/Dfp;=[571,572
];;<init>(Lorg/apache/commons/math3/dfp/DfpField;I)V=[204,205
];;<init>(Lorg/apache/commons/math3/dfp/DfpField;J)V=[236,237
237,238
238,239
239,235
235,242
242,252
];;divide(Lorg/apache/commons/math3/dfp/Dfp;)Lorg/apache/commons/math3/dfp/Dfp;=[1690,1691
1691,1694
1694,1698
1698,1705
1705,1708
1708,1739
1739,1740
1740,1741
1741,1742
1742,1743
1743,1744
1744,1745
];;<init>(Lorg/apache/commons/math3/dfp/DfpField;BB)V=[547,548
548,549
]

testNextAfter : <init>(Lorg/apache/commons/math3/dfp/DfpField;Ljava/lang/String;)V=[530,532
532,535
];;getRadixDigits()I=[643,644
];;round(I)I=[1425,1426
1426,1427
1427,1445
1445,1446
1446,1462
1462,1478
1478,1484
1484,1490
1490,1496
1478,1480
1480,1481
1462,1464
1464,1465
1465,1466
1466,1467
1467,1468
1468,1465
1465,1471
1471,1478
1484,1486
1486,1487
1490,1492
1492,1493
];;=null, $SWITCH_TABLE$org$apache$commons$math3$dfp$DfpField$RoundingMode()[I=[97,98
];;nextAfter(Lorg/apache/commons/math3/dfp/Dfp;)Lorg/apache/commons/math3/dfp/Dfp;=[2345,2346
2346,2354
2354,2355
2355,2356
2356,2359
2359,2363
2363,2369
2369,2370
2370,2371
2371,2372
2372,2374
2374,2378
2378,2379
2379,2397
2397,2402
2402,2407
2355,2359
2369,2380
2380,2381
2381,2382
2382,2384
2384,2387
2387,2390
2390,2394
2394,2397
2384,2385
2385,2386
2386,2390
2363,2364
2364,2369
2359,2360
2374,2375
2375,2378
2390,2391
2391,2394
2402,2403
2403,2404
2404,2407
2397,2398
2398,2399
2399,2402
];;lessThan(Lorg/apache/commons/math3/dfp/Dfp;)Z=[757,758
758,767
767,773
];;isNaN()Z=[881,882
];;compare(Lorg/apache/commons/math3/dfp/Dfp;Lorg/apache/commons/math3/dfp/Dfp;)I=[948,949
949,954
954,963
963,967
967,968
967,971
971,976
976,987
987,988
988,989
976,977
977,981
981,982
981,987
988,992
992,987
987,997
954,955
955,958
977,978
955,956
949,950
950,951
992,993
950,954
963,964
971,972
];;getZero()Lorg/apache/commons/math3/dfp/Dfp;=[650,651
];;getOne()Lorg/apache/commons/math3/dfp/Dfp;=[657,658
];;newInstance(Lorg/apache/commons/math3/dfp/Dfp;)Lorg/apache/commons/math3/dfp/Dfp;=[598,599
599,606
];;<init>(Lorg/apache/commons/math3/dfp/Dfp;)V=[328,329
329,330
];;equals(Ljava/lang/Object;)Z=[906,907
907,908
908,909
909,913
];;add(Lorg/apache/commons/math3/dfp/Dfp;)Lorg/apache/commons/math3/dfp/Dfp;=[1261,1262
1262,1270
1270,1301
1301,1302
1302,1305
1305,1308
1308,1309
1309,1311
1311,1312
1312,1315
1315,1316
1316,1317
1317,1323
1323,1327
1327,1332
1332,1333
1333,1334
1334,1337
1337,1341
1341,1350
1350,1351
1351,1352
1352,1353
1353,1354
1354,1351
1351,1356
1356,1357
1357,1362
1362,1373
1373,1374
1374,1375
1375,1386
1386,1396
1396,1397
1397,1401
1341,1342
1342,1343
1343,1344
1344,1350
1374,1377
1377,1378
1378,1379
1379,1380
1380,1381
1381,1373
1362,1363
1363,1364
1364,1365
1365,1366
1366,1367
1367,1373
1316,1323
1327,1328
1328,1332
1397,1398
1398,1401
1342,1345
1345,1350
];;align(I)I=[698,699
699,700
700,702
702,704
704,705
705,706
706,709
709,713
713,724
724,725
725,730
730,734
734,736
736,737
737,724
724,742
742,747
705,709
709,710
];;shiftRight()V=[682,683
683,684
683,686
686,687
687,688
];;classify()I=[2322,2323
];;getField()Lorg/apache/commons/math3/dfp/DfpField;=[636,637
];;subtract(Lorg/apache/commons/math3/dfp/Dfp;)Lorg/apache/commons/math3/dfp/Dfp;=[1417,1418
];;negate()Lorg/apache/commons/math3/dfp/Dfp;=[1407,1408
1408,1409
1409,1410
];;complement(I)I=[1238,1239
1239,1240
1240,1241
1241,1240
1240,1244
1244,1245
1245,1246
1246,1247
1247,1248
1248,1249
1249,1246
1246,1252
];;shiftLeft()V=[670,671
671,672
671,674
674,675
675,676
];;toString()Ljava/lang/String;=[2066,2067
2067,2076
2076,2080
];;dfp2string()Ljava/lang/String;=[2168,2169
2169,2170
2170,2172
2172,2173
2173,2175
2175,2177
2177,2178
2178,2179
2179,2180
2180,2183
2183,2183
2183,2191
2191,2192
2192,2193
2193,2194
2194,2195
2195,2196
2196,2191
2191,2202
2202,2202
2202,2210
2210,2216
2216,2217
2217,2217
2217,2218
2218,2217
2217,2220
2220,2221
2221,2225
2225,2225
2225,2226
2226,2225
2225,2230
2230,2234
2230,2231
2231,2234
];;dotrap(ILjava/lang/String;Lorg/apache/commons/math3/dfp/Dfp;Lorg/apache/commons/math3/dfp/Dfp;)Lorg/apache/commons/math3/dfp/Dfp;=[2245,2246
2246,2248
2248,2281
2281,2285
2285,2287
2287,2288
2288,2300
2281,2282
2282,2283
2283,2284
2284,2287
2248,2297
2297,2300
2248,2291
2291,2292
2292,2293
2293,2294
2294,2295
2295,2300
2248,2256
2256,2258
2258,2259
2259,2260
2260,2263
2263,2269
2269,2274
2274,2300
2256,2263
2263,2265
2265,2266
2266,2269
];;trap(ILjava/lang/String;Lorg/apache/commons/math3/dfp/Dfp;Lorg/apache/commons/math3/dfp/Dfp;Lorg/apache/commons/math3/dfp/Dfp;)Lorg/apache/commons/math3/dfp/Dfp;=[2315,2316
];;<init>(Lorg/apache/commons/math3/dfp/DfpField;I)V=[204,205
];;<init>(Lorg/apache/commons/math3/dfp/DfpField;J)V=[239,235
235,242
242,252
];;divide(Lorg/apache/commons/math3/dfp/Dfp;)Lorg/apache/commons/math3/dfp/Dfp;=[1690,1691
1691,1694
1694,1698
1698,1705
1705,1708
1708,1739
1739,1740
1740,1741
1741,1742
1742,1743
1743,1744
1744,1745
];;<init>(Lorg/apache/commons/math3/dfp/DfpField;BB)V=[547,548
548,549
]

testPower10 : <init>(Lorg/apache/commons/math3/dfp/DfpField;)V=[188,189
];;power10(I)Lorg/apache/commons/math3/dfp/Dfp;=[1206,1207
1207,1209
1209,1210
1210,1211
1211,1215
1215,1217
1217,1228
1215,1219
1219,1220
1220,1228
1215,1222
1222,1223
1223,1228
1215,1225
1225,1228
1209,1212
1212,1215
];;getOne()Lorg/apache/commons/math3/dfp/Dfp;=[657,658
];;newInstance(Lorg/apache/commons/math3/dfp/Dfp;)Lorg/apache/commons/math3/dfp/Dfp;=[598,599
599,606
];;<init>(Lorg/apache/commons/math3/dfp/Dfp;)V=[323,324
324,325
325,326
326,327
327,328
328,329
329,330
];;<init>(Lorg/apache/commons/math3/dfp/DfpField;Ljava/lang/String;)V=[532,535
];;getRadixDigits()I=[643,644
];;round(I)I=[1425,1426
1426,1427
1427,1445
1445,1446
1446,1462
1462,1478
1478,1484
1484,1490
1490,1496
1490,1492
1492,1493
1462,1464
1464,1465
1465,1466
1466,1467
1467,1468
1468,1465
1465,1471
1471,1478
];;=null, $SWITCH_TABLE$org$apache$commons$math3$dfp$DfpField$RoundingMode()[I=[97,98
];;equals(Ljava/lang/Object;)Z=[906,907
907,908
908,909
909,913
];;isNaN()Z=[881,882
];;compare(Lorg/apache/commons/math3/dfp/Dfp;Lorg/apache/commons/math3/dfp/Dfp;)I=[948,949
949,954
954,963
963,967
967,971
971,976
976,977
977,981
981,987
987,988
988,992
992,987
987,997
976,987
988,989
];;getField()Lorg/apache/commons/math3/dfp/DfpField;=[636,637
];;multiply(I)Lorg/apache/commons/math3/dfp/Dfp;=[1610,1611
1611,1612
];;multiplyFast(I)Lorg/apache/commons/math3/dfp/Dfp;=[1623,1624
1624,1627
1627,1647
1647,1655
1655,1656
1656,1657
1657,1658
1658,1659
1659,1656
1656,1662
1662,1663
1663,1669
1669,1673
1673,1674
1674,1678
];;<init>(Lorg/apache/commons/math3/dfp/DfpField;I)V=[204,205
];;<init>(Lorg/apache/commons/math3/dfp/DfpField;J)V=[239,235
235,242
242,252
];;divide(Lorg/apache/commons/math3/dfp/Dfp;)Lorg/apache/commons/math3/dfp/Dfp;=[1690,1691
1691,1694
1694,1698
1698,1705
1705,1708
1708,1739
1739,1740
1740,1741
1741,1742
1742,1743
1743,1744
1744,1745
];;getZero()Lorg/apache/commons/math3/dfp/Dfp;=[650,651
];;dotrap(ILjava/lang/String;Lorg/apache/commons/math3/dfp/Dfp;Lorg/apache/commons/math3/dfp/Dfp;)Lorg/apache/commons/math3/dfp/Dfp;=[2245,2246
2246,2248
2248,2256
2256,2258
2258,2259
2259,2260
2260,2263
2263,2269
2269,2274
2274,2300
2256,2263
2263,2265
2265,2266
2266,2269
];;trap(ILjava/lang/String;Lorg/apache/commons/math3/dfp/Dfp;Lorg/apache/commons/math3/dfp/Dfp;Lorg/apache/commons/math3/dfp/Dfp;)Lorg/apache/commons/math3/dfp/Dfp;=[2315,2316
];;<init>(Lorg/apache/commons/math3/dfp/DfpField;BB)V=[547,548
548,549
]

testPower10K : <init>(Lorg/apache/commons/math3/dfp/DfpField;)V=[188,189
];;power10K(I)Lorg/apache/commons/math3/dfp/Dfp;=[1179,1180
1180,1181
1181,1182
];;getOne()Lorg/apache/commons/math3/dfp/Dfp;=[657,658
];;newInstance(Lorg/apache/commons/math3/dfp/Dfp;)Lorg/apache/commons/math3/dfp/Dfp;=[598,599
599,606
];;<init>(Lorg/apache/commons/math3/dfp/Dfp;)V=[328,329
329,330
];;<init>(Lorg/apache/commons/math3/dfp/DfpField;Ljava/lang/String;)V=[532,535
];;getRadixDigits()I=[643,644
];;round(I)I=[1425,1426
1426,1427
1427,1445
1445,1446
1446,1462
1462,1478
1478,1484
1484,1490
1490,1496
1490,1492
1492,1493
1462,1464
1464,1465
1465,1466
1466,1467
1467,1468
1468,1465
1465,1471
1471,1478
];;=null, $SWITCH_TABLE$org$apache$commons$math3$dfp$DfpField$RoundingMode()[I=[97,98
];;equals(Ljava/lang/Object;)Z=[906,907
907,908
908,909
909,913
];;isNaN()Z=[881,882
];;compare(Lorg/apache/commons/math3/dfp/Dfp;Lorg/apache/commons/math3/dfp/Dfp;)I=[948,949
949,954
954,963
963,967
967,971
971,976
976,977
977,981
981,987
987,988
988,992
992,987
987,997
976,987
988,989
];;getField()Lorg/apache/commons/math3/dfp/DfpField;=[636,637
];;<init>(Lorg/apache/commons/math3/dfp/DfpField;I)V=[204,205
];;<init>(Lorg/apache/commons/math3/dfp/DfpField;J)V=[239,235
235,242
242,252
];;divide(Lorg/apache/commons/math3/dfp/Dfp;)Lorg/apache/commons/math3/dfp/Dfp;=[1690,1691
1691,1694
1694,1698
1698,1705
1705,1708
1708,1739
1739,1740
1740,1741
1741,1742
1742,1743
1743,1744
1744,1745
];;getZero()Lorg/apache/commons/math3/dfp/Dfp;=[650,651
];;dotrap(ILjava/lang/String;Lorg/apache/commons/math3/dfp/Dfp;Lorg/apache/commons/math3/dfp/Dfp;)Lorg/apache/commons/math3/dfp/Dfp;=[2245,2246
2246,2248
2248,2256
2256,2258
2258,2259
2259,2260
2260,2263
2263,2269
2269,2274
2274,2300
2256,2263
2263,2265
2265,2266
2266,2269
];;trap(ILjava/lang/String;Lorg/apache/commons/math3/dfp/Dfp;Lorg/apache/commons/math3/dfp/Dfp;Lorg/apache/commons/math3/dfp/Dfp;)Lorg/apache/commons/math3/dfp/Dfp;=[2315,2316
];;<init>(Lorg/apache/commons/math3/dfp/DfpField;BB)V=[547,548
548,549
]

testReciprocal : reciprocal()Lorg/apache/commons/math3/dfp/Dfp;=[1961,1962
];;divide(Lorg/apache/commons/math3/dfp/Dfp;)Lorg/apache/commons/math3/dfp/Dfp;=[1690,1691
1691,1694
1694,1698
1698,1705
1705,1708
1708,1709
1709,1713
1713,1714
1708,1739
1739,1740
1740,1741
1741,1742
1742,1743
1743,1744
1744,1745
1739,1748
1748,1749
1749,1750
1750,1754
1754,1755
1755,1756
1756,1757
1757,1762
1762,1763
1763,1764
1764,1765
1765,1762
1762,1769
1769,1770
1770,1774
1774,1775
1775,1776
1776,1778
1778,1779
1779,1779
1779,1781
1781,1784
1784,1785
1785,1786
1786,1787
1787,1788
1788,1789
1789,1785
1785,1793
1793,1794
1794,1795
1795,1796
1796,1797
1797,1794
1794,1801
1801,1808
1808,1809
1809,1811
1811,1818
1818,1819
1819,1820
1820,1821
1821,1823
1823,1819
1820,1823
1819,1828
1828,1832
1832,1779
1779,1838
1838,1839
1839,1843
1843,1848
1848,1854
1854,1855
1855,1856
1856,1855
1855,1770
1811,1812
1812,1813
1813,1779
1823,1824
1824,1828
1832,1833
1833,1779
1839,1840
1840,1843
1848,1850
1850,1861
1861,1862
1862,1863
1863,1862
1863,1864
1864,1865
1865,1870
1870,1871
1871,1870
1870,1875
1875,1876
1876,1878
1878,1882
1882,1883
1883,1884
1884,1888
1888,1889
1889,1892
1888,1892
1713,1717
1717,1723
1723,1724
1724,1725
1725,1726
];;getZero()Lorg/apache/commons/math3/dfp/Dfp;=[650,651
];;newInstance(Lorg/apache/commons/math3/dfp/Dfp;)Lorg/apache/commons/math3/dfp/Dfp;=[598,599
599,606
];;<init>(Lorg/apache/commons/math3/dfp/Dfp;)V=[325,326
326,327
327,328
328,329
329,330
];;isNaN()Z=[881,882
];;equals(Ljava/lang/Object;)Z=[906,907
907,908
908,909
909,910
909,913
];;unequal(Lorg/apache/commons/math3/dfp/Dfp;)Z=[933,934
934,935
];;toString()Ljava/lang/String;=[2066,2067
2067,2069
2069,2072
2067,2076
2076,2080
];;<init>(Lorg/apache/commons/math3/dfp/DfpField;Ljava/lang/String;)V=[530,532
532,535
];;getRadixDigits()I=[643,644
];;round(I)I=[1425,1426
1426,1427
1427,1445
1445,1446
1446,1462
1462,1478
1478,1484
1484,1490
1490,1496
1490,1492
1492,1493
1462,1464
1464,1465
1465,1466
1466,1467
1467,1468
1468,1465
1465,1471
1471,1478
];;=null, $SWITCH_TABLE$org$apache$commons$math3$dfp$DfpField$RoundingMode()[I=[97,98
];;getField()Lorg/apache/commons/math3/dfp/DfpField;=[636,637
];;dotrap(ILjava/lang/String;Lorg/apache/commons/math3/dfp/Dfp;Lorg/apache/commons/math3/dfp/Dfp;)Lorg/apache/commons/math3/dfp/Dfp;=[2245,2246
2246,2248
2248,2256
2256,2258
2258,2259
2259,2260
2260,2263
2263,2269
2269,2274
2274,2300
2248,2297
2297,2300
2256,2263
2263,2265
2265,2266
2266,2269
];;trap(ILjava/lang/String;Lorg/apache/commons/math3/dfp/Dfp;Lorg/apache/commons/math3/dfp/Dfp;Lorg/apache/commons/math3/dfp/Dfp;)Lorg/apache/commons/math3/dfp/Dfp;=[2315,2316
];;compare(Lorg/apache/commons/math3/dfp/Dfp;Lorg/apache/commons/math3/dfp/Dfp;)I=[948,949
949,950
950,954
954,963
963,967
967,971
971,972
963,964
954,955
955,956
949,954
971,976
976,977
977,981
981,987
987,988
988,992
992,987
987,997
976,987
988,989
950,951
];;dfp2string()Ljava/lang/String;=[2168,2169
2169,2170
2170,2172
2172,2173
2173,2175
2175,2177
2177,2178
2178,2179
2179,2180
2180,2183
2183,2183
2183,2191
2191,2192
2192,2193
2193,2194
2194,2195
2195,2196
2196,2191
2191,2202
2202,2202
2202,2210
2210,2216
2216,2217
2217,2217
2217,2218
2218,2217
2217,2220
2220,2221
2221,2225
2225,2225
2225,2226
2226,2225
2225,2230
2230,2234
2230,2231
2231,2234
];;<init>(Lorg/apache/commons/math3/dfp/DfpField;I)V=[204,205
];;<init>(Lorg/apache/commons/math3/dfp/DfpField;J)V=[239,235
235,242
242,252
];;<init>(Lorg/apache/commons/math3/dfp/DfpField;BB)V=[547,548
548,549
]

testRemainder : <init>(Lorg/apache/commons/math3/dfp/DfpField;Ljava/lang/String;)V=[530,532
532,535
];;getRadixDigits()I=[643,644
];;round(I)I=[1425,1426
1426,1427
1427,1445
1445,1446
1446,1462
1462,1478
1478,1484
1484,1490
1490,1496
1490,1492
1492,1493
1462,1464
1464,1465
1465,1466
1466,1467
1467,1468
1468,1465
1465,1471
1471,1478
];;=null, $SWITCH_TABLE$org$apache$commons$math3$dfp$DfpField$RoundingMode()[I=[97,98
];;remainder(Lorg/apache/commons/math3/dfp/Dfp;)Lorg/apache/commons/math3/dfp/Dfp;=[1035,1036
1036,1039
1039,1043
1039,1040
1040,1043
];;divide(Lorg/apache/commons/math3/dfp/Dfp;)Lorg/apache/commons/math3/dfp/Dfp;=[1690,1691
1691,1694
1694,1698
1698,1705
1705,1708
1708,1739
1739,1748
1748,1749
1749,1750
1750,1754
1754,1755
1755,1756
1756,1757
1757,1762
1762,1763
1763,1764
1764,1765
1765,1762
1762,1769
1769,1770
1770,1774
1774,1775
1775,1776
1776,1778
1778,1779
1779,1779
1779,1781
1781,1784
1784,1785
1785,1786
1786,1787
1787,1788
1788,1789
1789,1785
1785,1793
1793,1794
1794,1795
1795,1796
1796,1797
1797,1794
1794,1801
1801,1808
1808,1809
1809,1811
1811,1818
1818,1819
1819,1820
1820,1823
1823,1824
1824,1828
1828,1832
1832,1833
1833,1779
1820,1821
1821,1823
1823,1819
1819,1828
1832,1779
1779,1838
1838,1839
1839,1840
1840,1843
1843,1848
1848,1854
1854,1855
1855,1856
1856,1855
1855,1770
1811,1812
1812,1813
1813,1779
1848,1850
1850,1861
1861,1862
1862,1863
1863,1864
1864,1865
1865,1870
1870,1871
1871,1870
1870,1875
1875,1876
1876,1878
1878,1882
1882,1883
1883,1884
1884,1888
1888,1889
1889,1892
1888,1892
1739,1740
1740,1741
1741,1742
1742,1743
1743,1744
1744,1745
];;getZero()Lorg/apache/commons/math3/dfp/Dfp;=[650,651
];;newInstance(Lorg/apache/commons/math3/dfp/Dfp;)Lorg/apache/commons/math3/dfp/Dfp;=[598,599
599,606
];;<init>(Lorg/apache/commons/math3/dfp/Dfp;)V=[324,325
325,326
326,327
327,328
328,329
329,330
];;dotrap(ILjava/lang/String;Lorg/apache/commons/math3/dfp/Dfp;Lorg/apache/commons/math3/dfp/Dfp;)Lorg/apache/commons/math3/dfp/Dfp;=[2245,2246
2246,2248
2248,2297
2297,2300
2248,2256
2256,2258
2258,2259
2259,2260
2260,2263
2263,2269
2269,2274
2274,2300
2256,2263
2263,2265
2265,2266
2266,2269
];;trap(ILjava/lang/String;Lorg/apache/commons/math3/dfp/Dfp;Lorg/apache/commons/math3/dfp/Dfp;Lorg/apache/commons/math3/dfp/Dfp;)Lorg/apache/commons/math3/dfp/Dfp;=[2315,2316
];;rint()Lorg/apache/commons/math3/dfp/Dfp;=[1007,1008
];;trunc(Lorg/apache/commons/math3/dfp/DfpField=null, trunc(Lorg/apache/commons/math3/dfp/DfpField$RoundingMode;)Lorg/apache/commons/math3/dfp/Dfp;=[1051,1052
1052,1054
1054,1058
1058,1062
1062,1069
1069,1080
1080,1087
1087,1088
1088,1089
1089,1090
1090,1088
1088,1093
1093,1094
1094,1111
1111,1112
1112,1113
1113,1114
1114,1121
1121,1129
1129,1130
1130,1131
1093,1134
];;isNaN()Z=[881,882
];;newInstance(Ljava/lang/String;)Lorg/apache/commons/math3/dfp/Dfp;=[615,616
];;subtract(Lorg/apache/commons/math3/dfp/Dfp;)Lorg/apache/commons/math3/dfp/Dfp;=[1417,1418
];;negate()Lorg/apache/commons/math3/dfp/Dfp;=[1407,1408
1408,1409
1409,1410
];;add(Lorg/apache/commons/math3/dfp/Dfp;)Lorg/apache/commons/math3/dfp/Dfp;=[1261,1262
1262,1270
1270,1301
1301,1302
1302,1305
1305,1308
1308,1309
1309,1311
1311,1312
1312,1315
1315,1316
1316,1317
1317,1323
1323,1327
1327,1332
1332,1333
1333,1334
1334,1337
1337,1341
1341,1342
1342,1343
1343,1344
1344,1350
1350,1351
1351,1352
1352,1353
1353,1354
1354,1351
1351,1356
1356,1357
1357,1362
1362,1373
1373,1374
1374,1377
1377,1378
1378,1379
1379,1380
1380,1381
1381,1373
1374,1375
1375,1386
1386,1396
1396,1397
1397,1401
1316,1323
1342,1345
1345,1350
1378,1373
1373,1386
1386,1387
1387,1389
1389,1391
1391,1396
];;compare(Lorg/apache/commons/math3/dfp/Dfp;Lorg/apache/commons/math3/dfp/Dfp;)I=[948,949
949,954
954,963
963,967
967,971
971,976
976,977
977,981
981,987
987,988
988,992
992,987
988,989
992,993
987,997
976,987
949,950
950,951
];;align(I)I=[698,699
699,700
700,702
702,704
704,705
705,709
709,710
];;complement(I)I=[1238,1239
1239,1240
1240,1241
1241,1240
1240,1244
1244,1245
1245,1246
1246,1247
1247,1248
1248,1249
1249,1246
1246,1252
];;shiftLeft()V=[670,671
671,672
671,674
674,675
675,676
];;greaterThan(Lorg/apache/commons/math3/dfp/Dfp;)Z=[782,783
783,792
792,798
];;equals(Ljava/lang/Object;)Z=[906,907
907,908
908,909
909,913
];;multiply(Lorg/apache/commons/math3/dfp/Dfp;)Lorg/apache/commons/math3/dfp/Dfp;=[1506,1507
1507,1514
1514,1517
1517,1554
1554,1556
1556,1557
1557,1558
1558,1559
1559,1560
1560,1562
1562,1563
1563,1558
1558,1565
1565,1556
1556,1569
1569,1570
1570,1571
1571,1570
1571,1572
1572,1573
1573,1578
1578,1579
1579,1578
1578,1583
1583,1584
1584,1586
1586,1592
1592,1593
1593,1594
1594,1598
1598,1602
];;getField()Lorg/apache/commons/math3/dfp/DfpField;=[636,637
];;toString()Ljava/lang/String;=[2066,2067
2067,2076
2076,2080
];;dfp2string()Ljava/lang/String;=[2168,2169
2169,2170
2170,2172
2172,2173
2173,2175
2175,2177
2177,2178
2178,2179
2179,2180
2180,2183
2183,2183
2183,2191
2191,2192
2192,2193
2193,2194
2194,2195
2195,2196
2196,2191
2191,2202
2202,2202
2202,2210
2210,2216
2216,2217
2217,2217
2217,2218
2218,2217
2217,2220
2220,2221
2221,2225
2225,2225
2225,2226
2226,2225
2225,2230
2230,2234
2230,2231
2231,2234
];;<init>(Lorg/apache/commons/math3/dfp/DfpField;I)V=[204,205
];;<init>(Lorg/apache/commons/math3/dfp/DfpField;J)V=[239,235
235,242
242,252
];;<init>(Lorg/apache/commons/math3/dfp/DfpField;BB)V=[547,548
548,549
]

testRint : <init>(Lorg/apache/commons/math3/dfp/DfpField;Ljava/lang/String;)V=[532,535
];;getRadixDigits()I=[643,644
];;round(I)I=[1425,1426
1426,1427
1427,1445
1445,1446
1446,1462
1462,1478
1478,1484
1484,1490
1490,1496
1490,1492
1492,1493
1462,1464
1464,1465
1465,1466
1466,1467
1467,1468
1468,1465
1465,1471
1471,1478
];;=null, $SWITCH_TABLE$org$apache$commons$math3$dfp$DfpField$RoundingMode()[I=[97,98
];;rint()Lorg/apache/commons/math3/dfp/Dfp;=[1007,1008
];;trunc(Lorg/apache/commons/math3/dfp/DfpField=null, trunc(Lorg/apache/commons/math3/dfp/DfpField$RoundingMode;)Lorg/apache/commons/math3/dfp/Dfp;=[1051,1052
1052,1054
1054,1058
1058,1062
1062,1069
1069,1080
1080,1087
1087,1088
1088,1089
1089,1090
1090,1088
1088,1093
1093,1094
1094,1111
1111,1112
1112,1113
1113,1114
1114,1115
1115,1116
1116,1117
1117,1121
1121,1129
1129,1130
1130,1131
1114,1121
1121,1122
1122,1123
1123,1124
1124,1129
];;isNaN()Z=[881,882
];;newInstance(Lorg/apache/commons/math3/dfp/Dfp;)Lorg/apache/commons/math3/dfp/Dfp;=[598,599
599,606
];;<init>(Lorg/apache/commons/math3/dfp/Dfp;)V=[325,326
326,327
327,328
328,329
329,330
];;newInstance(Ljava/lang/String;)Lorg/apache/commons/math3/dfp/Dfp;=[615,616
];;subtract(Lorg/apache/commons/math3/dfp/Dfp;)Lorg/apache/commons/math3/dfp/Dfp;=[1417,1418
];;negate()Lorg/apache/commons/math3/dfp/Dfp;=[1407,1408
1408,1409
1409,1410
];;add(Lorg/apache/commons/math3/dfp/Dfp;)Lorg/apache/commons/math3/dfp/Dfp;=[1261,1262
1262,1270
1270,1301
1301,1302
1302,1305
1305,1308
1308,1309
1309,1311
1311,1312
1312,1315
1315,1316
1316,1317
1317,1323
1323,1327
1327,1332
1332,1333
1333,1334
1334,1337
1337,1341
1341,1342
1342,1343
1343,1344
1344,1350
1350,1351
1351,1352
1352,1353
1353,1354
1354,1351
1351,1356
1356,1357
1357,1362
1362,1373
1373,1374
1374,1377
1377,1378
1378,1379
1379,1380
1380,1381
1381,1373
1374,1375
1375,1386
1386,1396
1396,1397
1397,1401
1341,1350
];;getZero()Lorg/apache/commons/math3/dfp/Dfp;=[650,651
];;compare(Lorg/apache/commons/math3/dfp/Dfp;Lorg/apache/commons/math3/dfp/Dfp;)I=[948,949
949,954
954,963
963,967
967,971
971,976
976,977
977,981
981,987
987,988
988,992
992,987
988,989
981,982
987,997
976,987
];;align(I)I=[698,699
699,700
700,702
702,704
704,705
705,709
709,710
];;complement(I)I=[1238,1239
1239,1240
1240,1241
1241,1240
1240,1244
1244,1245
1245,1246
1246,1247
1247,1248
1248,1249
1249,1246
1246,1252
];;shiftLeft()V=[670,671
671,672
671,674
674,675
675,676
];;greaterThan(Lorg/apache/commons/math3/dfp/Dfp;)Z=[782,783
783,792
792,798
];;getOne()Lorg/apache/commons/math3/dfp/Dfp;=[657,658
];;equals(Ljava/lang/Object;)Z=[906,907
907,908
908,909
909,913
];;dotrap(ILjava/lang/String;Lorg/apache/commons/math3/dfp/Dfp;Lorg/apache/commons/math3/dfp/Dfp;)Lorg/apache/commons/math3/dfp/Dfp;=[2245,2246
2246,2248
2248,2297
2297,2300
2248,2256
2256,2258
2258,2259
2259,2260
2260,2263
2263,2269
2269,2274
2274,2300
2256,2263
2263,2265
2265,2266
2266,2269
];;trap(ILjava/lang/String;Lorg/apache/commons/math3/dfp/Dfp;Lorg/apache/commons/math3/dfp/Dfp;Lorg/apache/commons/math3/dfp/Dfp;)Lorg/apache/commons/math3/dfp/Dfp;=[2315,2316
];;getField()Lorg/apache/commons/math3/dfp/DfpField;=[636,637
];;<init>(Lorg/apache/commons/math3/dfp/DfpField;I)V=[204,205
];;<init>(Lorg/apache/commons/math3/dfp/DfpField;J)V=[239,235
235,242
242,252
];;divide(Lorg/apache/commons/math3/dfp/Dfp;)Lorg/apache/commons/math3/dfp/Dfp;=[1690,1691
1691,1694
1694,1698
1698,1705
1705,1708
1708,1739
1739,1740
1740,1741
1741,1742
1742,1743
1743,1744
1744,1745
];;<init>(Lorg/apache/commons/math3/dfp/DfpField;BB)V=[547,548
548,549
]

testRound : <init>(Lorg/apache/commons/math3/dfp/DfpField;Ljava/lang/String;)V=[532,535
];;getRadixDigits()I=[643,644
];;round(I)I=[1425,1426
1426,1427
1427,1429
1429,1430
1430,1462
1462,1478
1478,1484
1484,1490
1490,1496
1490,1492
1492,1493
1427,1433
1433,1434
1434,1462
1462,1464
1464,1465
1465,1466
1466,1467
1467,1468
1468,1465
1465,1471
1471,1478
1427,1437
1437,1438
1438,1462
1427,1441
1441,1442
1442,1462
1427,1449
1449,1450
1450,1462
1427,1453
1453,1454
1454,1462
1427,1458
1458,1462
1427,1445
1445,1446
1446,1462
];;=null, $SWITCH_TABLE$org$apache$commons$math3$dfp$DfpField$RoundingMode()[I=[97,98
];;add(Lorg/apache/commons/math3/dfp/Dfp;)Lorg/apache/commons/math3/dfp/Dfp;=[1261,1262
1262,1270
1270,1301
1301,1302
1302,1305
1305,1308
1308,1309
1309,1311
1311,1312
1312,1315
1315,1316
1316,1317
1317,1323
1323,1327
1327,1332
1332,1333
1333,1334
1334,1337
1337,1341
1341,1350
1350,1351
1351,1352
1352,1353
1353,1354
1354,1351
1351,1356
1356,1357
1357,1362
1362,1373
1373,1374
1374,1375
1375,1386
1386,1396
1396,1397
1397,1398
1398,1401
];;newInstance(Lorg/apache/commons/math3/dfp/Dfp;)Lorg/apache/commons/math3/dfp/Dfp;=[598,599
599,606
];;<init>(Lorg/apache/commons/math3/dfp/Dfp;)V=[325,326
326,327
327,328
328,329
329,330
];;getZero()Lorg/apache/commons/math3/dfp/Dfp;=[650,651
];;compare(Lorg/apache/commons/math3/dfp/Dfp;Lorg/apache/commons/math3/dfp/Dfp;)I=[948,949
949,954
954,963
963,967
967,971
971,976
976,977
977,981
981,982
981,987
987,988
988,992
992,987
987,997
976,987
988,989
954,955
955,956
];;align(I)I=[698,699
699,700
700,702
702,704
704,705
705,706
706,709
709,713
713,724
724,725
725,730
730,734
734,736
736,737
737,724
724,742
742,747
730,731
731,734
742,743
743,744
744,747
];;shiftRight()V=[682,683
683,684
683,686
686,687
687,688
];;dotrap(ILjava/lang/String;Lorg/apache/commons/math3/dfp/Dfp;Lorg/apache/commons/math3/dfp/Dfp;)Lorg/apache/commons/math3/dfp/Dfp;=[2245,2246
2246,2248
2248,2297
2297,2300
2248,2256
2256,2258
2258,2259
2259,2260
2260,2263
2263,2269
2269,2274
2274,2300
2256,2263
2263,2265
2265,2266
2266,2269
];;trap(ILjava/lang/String;Lorg/apache/commons/math3/dfp/Dfp;Lorg/apache/commons/math3/dfp/Dfp;Lorg/apache/commons/math3/dfp/Dfp;)Lorg/apache/commons/math3/dfp/Dfp;=[2315,2316
];;equals(Ljava/lang/Object;)Z=[906,907
907,908
908,909
909,913
];;isNaN()Z=[881,882
];;getField()Lorg/apache/commons/math3/dfp/DfpField;=[636,637
];;<init>(Lorg/apache/commons/math3/dfp/DfpField;I)V=[204,205
];;<init>(Lorg/apache/commons/math3/dfp/DfpField;J)V=[239,235
235,242
242,252
];;divide(Lorg/apache/commons/math3/dfp/Dfp;)Lorg/apache/commons/math3/dfp/Dfp;=[1690,1691
1691,1694
1694,1698
1698,1705
1705,1708
1708,1739
1739,1740
1740,1741
1741,1742
1742,1743
1743,1744
1744,1745
];;<init>(Lorg/apache/commons/math3/dfp/DfpField;BB)V=[547,548
548,549
]

testSignPredicates : negativeOrNull()Z=[805,806
806,812
806,807
807,808
808,809
];;isNaN()Z=[881,882
];;isInfinite()Z=[874,875
];;positiveOrNull()Z=[835,836
836,842
836,837
837,838
838,839
];;strictlyNegative()Z=[820,821
821,827
821,822
822,823
823,824
];;strictlyPositive()Z=[850,851
851,857
851,852
852,853
853,854
];;negate()Lorg/apache/commons/math3/dfp/Dfp;=[1407,1408
1408,1409
1409,1410
];;newInstance(Lorg/apache/commons/math3/dfp/Dfp;)Lorg/apache/commons/math3/dfp/Dfp;=[598,599
599,606
];;<init>(Lorg/apache/commons/math3/dfp/Dfp;)V=[328,329
329,330
];;getZero()Lorg/apache/commons/math3/dfp/Dfp;=[650,651
];;dotrap(ILjava/lang/String;Lorg/apache/commons/math3/dfp/Dfp;Lorg/apache/commons/math3/dfp/Dfp;)Lorg/apache/commons/math3/dfp/Dfp;=[2245,2246
2246,2248
2248,2250
2250,2251
2251,2252
2252,2253
2253,2300
2248,2256
2256,2258
2258,2259
2259,2260
2260,2263
2263,2269
2269,2274
2274,2300
2256,2263
2263,2265
2265,2266
2266,2269
];;trap(ILjava/lang/String;Lorg/apache/commons/math3/dfp/Dfp;Lorg/apache/commons/math3/dfp/Dfp;Lorg/apache/commons/math3/dfp/Dfp;)Lorg/apache/commons/math3/dfp/Dfp;=[2315,2316
];;<init>(Lorg/apache/commons/math3/dfp/DfpField;I)V=[204,205
];;<init>(Lorg/apache/commons/math3/dfp/DfpField;J)V=[239,235
235,242
242,252
];;<init>(Lorg/apache/commons/math3/dfp/DfpField;Ljava/lang/String;)V=[532,535
];;getRadixDigits()I=[643,644
];;round(I)I=[1425,1426
1426,1427
1427,1445
1445,1446
1446,1462
1462,1478
1478,1484
1484,1490
1490,1492
1492,1493
1490,1496
1462,1464
1464,1465
1465,1466
1466,1467
1467,1468
1468,1465
1465,1471
1471,1478
];;=null, $SWITCH_TABLE$org$apache$commons$math3$dfp$DfpField$RoundingMode()[I=[97,98
];;divide(Lorg/apache/commons/math3/dfp/Dfp;)Lorg/apache/commons/math3/dfp/Dfp;=[1690,1691
1691,1694
1694,1698
1698,1705
1705,1708
1708,1739
1739,1740
1740,1741
1741,1742
1742,1743
1743,1744
1744,1745
];;<init>(Lorg/apache/commons/math3/dfp/DfpField;BB)V=[547,548
548,549
];;getField()Lorg/apache/commons/math3/dfp/DfpField;=[636,637
]

testSpecialConstructors : <init>(Lorg/apache/commons/math3/dfp/DfpField;D)V=[294,295
295,296
296,303
];;equals(Ljava/lang/Object;)Z=[906,907
907,908
908,909
909,913
];;isNaN()Z=[881,882
];;compare(Lorg/apache/commons/math3/dfp/Dfp;Lorg/apache/commons/math3/dfp/Dfp;)I=[948,949
949,950
950,954
954,963
963,967
967,971
971,972
];;<init>(Lorg/apache/commons/math3/dfp/DfpField;Ljava/lang/String;)V=[530,532
532,535
];;getRadixDigits()I=[643,644
];;<init>(Lorg/apache/commons/math3/dfp/DfpField;I)V=[204,205
];;<init>(Lorg/apache/commons/math3/dfp/DfpField;J)V=[239,235
235,242
242,252
];;round(I)I=[1425,1426
1426,1427
1427,1445
1445,1446
1446,1462
1462,1478
1478,1484
1484,1490
1490,1492
1492,1493
1490,1496
1462,1464
1464,1465
1465,1466
1466,1467
1467,1468
1468,1465
1465,1471
1471,1478
];;=null, $SWITCH_TABLE$org$apache$commons$math3$dfp$DfpField$RoundingMode()[I=[97,98
];;divide(Lorg/apache/commons/math3/dfp/Dfp;)Lorg/apache/commons/math3/dfp/Dfp;=[1690,1691
1691,1694
1694,1698
1698,1705
1705,1708
1708,1739
1739,1740
1740,1741
1741,1742
1742,1743
1743,1744
1744,1745
];;getZero()Lorg/apache/commons/math3/dfp/Dfp;=[650,651
];;newInstance(Lorg/apache/commons/math3/dfp/Dfp;)Lorg/apache/commons/math3/dfp/Dfp;=[598,599
599,606
];;<init>(Lorg/apache/commons/math3/dfp/Dfp;)V=[328,329
329,330
];;dotrap(ILjava/lang/String;Lorg/apache/commons/math3/dfp/Dfp;Lorg/apache/commons/math3/dfp/Dfp;)Lorg/apache/commons/math3/dfp/Dfp;=[2245,2246
2246,2248
2248,2256
2256,2258
2258,2259
2259,2260
2260,2263
2263,2269
2269,2274
2274,2300
2256,2263
2263,2265
2265,2266
2266,2269
];;trap(ILjava/lang/String;Lorg/apache/commons/math3/dfp/Dfp;Lorg/apache/commons/math3/dfp/Dfp;Lorg/apache/commons/math3/dfp/Dfp;)Lorg/apache/commons/math3/dfp/Dfp;=[2315,2316
];;<init>(Lorg/apache/commons/math3/dfp/DfpField;BB)V=[547,548
548,549
];;getField()Lorg/apache/commons/math3/dfp/DfpField;=[636,637
]

testSqrt : <init>(Lorg/apache/commons/math3/dfp/DfpField;Ljava/lang/String;)V=[530,532
532,535
];;getRadixDigits()I=[643,644
];;round(I)I=[1425,1426
1426,1427
1427,1445
1445,1446
1446,1462
1462,1478
1478,1484
1484,1490
1490,1496
1490,1492
1492,1493
1462,1464
1464,1465
1465,1466
1466,1467
1467,1468
1468,1465
1465,1471
1471,1478
];;=null, $SWITCH_TABLE$org$apache$commons$math3$dfp$DfpField$RoundingMode()[I=[97,98
];;sqrt()Lorg/apache/commons/math3/dfp/Dfp;=[1971,1972
1972,1974
1972,1977
1977,1997
1997,2008
2008,2011
2011,2016
2016,2018
2018,2019
2019,2030
2030,2035
2035,2036
2036,2037
2037,2037
2037,2038
2038,2039
2039,2040
2040,2041
2041,2042
2042,2043
2043,2044
2044,2046
2046,2053
2053,2054
2054,2058
2053,2037
2037,2058
2011,2012
2012,2016
1997,2001
2001,2002
2002,2003
2003,2004
2004,2005
1977,1978
1978,1980
1978,1983
1983,1984
1983,1987
1987,1990
1990,1991
1991,1992
1992,1993
];;newInstance(Lorg/apache/commons/math3/dfp/Dfp;)Lorg/apache/commons/math3/dfp/Dfp;=[598,599
599,606
];;<init>(Lorg/apache/commons/math3/dfp/Dfp;)V=[328,329
329,330
];;equals(Ljava/lang/Object;)Z=[906,907
907,908
908,909
909,913
909,910
];;isNaN()Z=[881,882
];;compare(Lorg/apache/commons/math3/dfp/Dfp;Lorg/apache/commons/math3/dfp/Dfp;)I=[948,949
949,950
950,951
949,954
954,963
963,967
967,971
971,976
976,987
987,988
988,989
976,977
977,981
981,987
988,992
992,987
987,997
981,982
992,993
977,978
950,954
971,972
963,964
];;toString()Ljava/lang/String;=[2066,2067
2067,2076
2076,2080
2067,2069
2069,2072
];;dfp2string()Ljava/lang/String;=[2168,2169
2169,2170
2170,2172
2172,2173
2173,2175
2175,2177
2177,2178
2178,2179
2179,2180
2180,2183
2183,2183
2183,2191
2191,2192
2192,2193
2193,2194
2194,2195
2195,2196
2196,2191
2191,2202
2202,2202
2202,2210
2210,2216
2216,2217
2217,2217
2217,2218
2218,2217
2217,2220
2220,2221
2221,2225
2225,2225
2225,2226
2226,2225
2225,2230
2230,2234
2230,2231
2231,2234
];;getField()Lorg/apache/commons/math3/dfp/DfpField;=[636,637
];;getZero()Lorg/apache/commons/math3/dfp/Dfp;=[650,651
];;unequal(Lorg/apache/commons/math3/dfp/Dfp;)Z=[933,934
934,938
934,935
];;greaterThan(Lorg/apache/commons/math3/dfp/Dfp;)Z=[782,783
783,792
792,798
];;divide(Lorg/apache/commons/math3/dfp/Dfp;)Lorg/apache/commons/math3/dfp/Dfp;=[1690,1691
1691,1694
1694,1698
1698,1705
1705,1708
1708,1739
1739,1748
1748,1749
1749,1750
1750,1754
1754,1755
1755,1756
1756,1757
1757,1762
1762,1763
1763,1764
1764,1765
1765,1762
1762,1769
1769,1770
1770,1774
1774,1775
1775,1776
1776,1778
1778,1779
1779,1779
1779,1781
1781,1784
1784,1785
1785,1786
1786,1787
1787,1788
1788,1789
1789,1785
1785,1793
1793,1794
1794,1795
1795,1796
1796,1797
1797,1794
1794,1801
1801,1808
1808,1809
1809,1811
1811,1818
1818,1819
1819,1820
1820,1821
1821,1823
1823,1819
1820,1823
1819,1828
1828,1832
1832,1779
1779,1838
1838,1839
1839,1840
1840,1843
1843,1848
1848,1854
1854,1855
1855,1856
1856,1855
1855,1770
1848,1850
1850,1861
1861,1862
1862,1863
1863,1864
1864,1865
1865,1870
1870,1871
1871,1870
1870,1875
1875,1876
1876,1878
1878,1882
1882,1883
1883,1884
1884,1888
1888,1892
1832,1833
1833,1779
1801,1803
1803,1804
1804,1779
1811,1812
1812,1813
1813,1779
1823,1824
1824,1828
1888,1889
1889,1892
1839,1843
1863,1862
1739,1740
1740,1741
1741,1742
1742,1743
1743,1744
1744,1745
];;add(Lorg/apache/commons/math3/dfp/Dfp;)Lorg/apache/commons/math3/dfp/Dfp;=[1261,1262
1262,1270
1270,1301
1301,1302
1302,1305
1305,1308
1308,1309
1309,1311
1311,1312
1312,1315
1315,1316
1316,1323
1323,1327
1327,1332
1332,1333
1333,1334
1334,1337
1337,1341
1341,1342
1342,1345
1345,1350
1350,1351
1351,1352
1352,1353
1353,1354
1354,1351
1351,1356
1356,1357
1357,1362
1362,1373
1373,1374
1374,1377
1377,1378
1378,1379
1379,1380
1380,1381
1381,1373
1378,1373
1373,1386
1386,1387
1387,1389
1389,1391
1391,1396
1396,1397
1397,1401
1316,1317
1317,1323
1323,1324
1324,1327
1341,1350
1374,1375
1375,1386
1386,1396
1342,1343
1343,1344
1344,1350
1397,1398
1398,1401
1334,1335
1335,1336
1336,1341
];;align(I)I=[698,699
699,700
700,702
702,704
704,705
705,709
709,710
705,706
706,709
709,713
713,724
724,725
725,730
730,734
734,736
736,737
737,724
724,742
742,747
];;complement(I)I=[1238,1239
1239,1240
1240,1241
1241,1240
1240,1244
1244,1245
1245,1246
1246,1247
1247,1248
1248,1249
1249,1246
1246,1252
];;shiftLeft()V=[670,671
671,672
671,674
674,675
675,676
];;divide(I)Lorg/apache/commons/math3/dfp/Dfp;=[1902,1903
1903,1914
1914,1924
1924,1932
1932,1934
1934,1935
1935,1936
1936,1937
1937,1938
1938,1939
1939,1935
1935,1942
1942,1944
1944,1945
1945,1946
1946,1947
1947,1948
1948,1951
1951,1952
1952,1956
1942,1951
1952,1953
1953,1956
];;shiftRight()V=[682,683
683,684
683,686
686,687
687,688
];;lessThan(Lorg/apache/commons/math3/dfp/Dfp;)Z=[757,758
758,767
767,773
];;dotrap(ILjava/lang/String;Lorg/apache/commons/math3/dfp/Dfp;Lorg/apache/commons/math3/dfp/Dfp;)Lorg/apache/commons/math3/dfp/Dfp;=[2245,2246
2246,2248
2248,2297
2297,2300
2248,2250
2250,2251
2251,2252
2252,2253
2253,2300
2248,2256
2256,2258
2258,2259
2259,2260
2260,2263
2263,2269
2269,2274
2274,2300
2256,2263
2263,2265
2265,2266
2266,2269
];;trap(ILjava/lang/String;Lorg/apache/commons/math3/dfp/Dfp;Lorg/apache/commons/math3/dfp/Dfp;Lorg/apache/commons/math3/dfp/Dfp;)Lorg/apache/commons/math3/dfp/Dfp;=[2315,2316
];;<init>(Lorg/apache/commons/math3/dfp/DfpField;BB)V=[545,546
546,547
547,548
548,549
];;<init>(Lorg/apache/commons/math3/dfp/DfpField;I)V=[204,205
];;<init>(Lorg/apache/commons/math3/dfp/DfpField;J)V=[239,235
235,242
242,252
]

testToString : toString()Ljava/lang/String;=[2066,2067
2067,2069
2069,2070
2069,2072
2067,2076
2076,2077
2076,2080
];;<init>(Lorg/apache/commons/math3/dfp/DfpField;BB)V=[545,546
546,547
547,548
548,549
];;<init>(Lorg/apache/commons/math3/dfp/DfpField;Ljava/lang/String;)V=[532,535
];;getRadixDigits()I=[643,644
];;round(I)I=[1425,1426
1426,1427
1427,1445
1445,1446
1446,1462
1462,1478
1478,1484
1484,1490
1490,1496
1490,1492
1492,1493
1462,1464
1464,1465
1465,1466
1466,1467
1467,1468
1468,1465
1465,1471
1471,1478
];;=null, $SWITCH_TABLE$org$apache$commons$math3$dfp$DfpField$RoundingMode()[I=[97,98
];;dfp2sci()Ljava/lang/String;=[2087,2088
2088,2089
2089,2097
2097,2098
2098,2099
2099,2100
2100,2101
2101,2102
2102,2098
2098,2106
2106,2107
2107,2106
2107,2108
2108,2111
2111,2114
2114,2115
2115,2119
2119,2121
2121,2122
2122,2124
2124,2124
2124,2125
2125,2124
2124,2127
2127,2136
2136,2140
2140,2141
2141,2142
2142,2147
2147,2151
2151,2155
2155,2156
2156,2157
2157,2158
2158,2155
2155,2161
2115,2116
2116,2119
];;dfp2string()Ljava/lang/String;=[2168,2169
2169,2170
2170,2172
2172,2173
2173,2175
2175,2177
2177,2183
2183,2191
2191,2192
2192,2193
2193,2194
2194,2195
2195,2196
2196,2191
2196,2197
2197,2198
2198,2191
2191,2202
2202,2202
2202,2210
2210,2216
2216,2217
2217,2217
2217,2220
2220,2225
2225,2226
2226,2225
2225,2230
2230,2234
2177,2178
2178,2179
2179,2180
2180,2183
2183,2183
2183,2184
2184,2185
2185,2186
2186,2187
2187,2188
2188,2183
2217,2218
2218,2217
2220,2221
2221,2225
2225,2225
];;<init>(Lorg/apache/commons/math3/dfp/DfpField;I)V=[204,205
];;<init>(Lorg/apache/commons/math3/dfp/DfpField;J)V=[239,235
235,242
242,252
];;divide(Lorg/apache/commons/math3/dfp/Dfp;)Lorg/apache/commons/math3/dfp/Dfp;=[1690,1691
1691,1694
1694,1698
1698,1705
1705,1708
1708,1739
1739,1740
1740,1741
1741,1742
1742,1743
1743,1744
1744,1745
];;getZero()Lorg/apache/commons/math3/dfp/Dfp;=[650,651
];;newInstance(Lorg/apache/commons/math3/dfp/Dfp;)Lorg/apache/commons/math3/dfp/Dfp;=[598,599
599,606
];;<init>(Lorg/apache/commons/math3/dfp/Dfp;)V=[328,329
329,330
];;dotrap(ILjava/lang/String;Lorg/apache/commons/math3/dfp/Dfp;Lorg/apache/commons/math3/dfp/Dfp;)Lorg/apache/commons/math3/dfp/Dfp;=[2245,2246
2246,2248
2248,2256
2256,2258
2258,2259
2259,2260
2260,2263
2263,2269
2269,2274
2274,2300
2256,2263
2263,2265
2265,2266
2266,2269
];;trap(ILjava/lang/String;Lorg/apache/commons/math3/dfp/Dfp;Lorg/apache/commons/math3/dfp/Dfp;Lorg/apache/commons/math3/dfp/Dfp;)Lorg/apache/commons/math3/dfp/Dfp;=[2315,2316
];;getField()Lorg/apache/commons/math3/dfp/DfpField;=[636,637
]
