
testCumulativeDensityFunction : <init>(I)V=[84,85
85,86
86,90
90,91
];;cdf(DZ)D=[150,151
151,152
152,154
154,158
158,160
160,161
161,164
164,165
165,164
164,168
158,170
170,174
174,179
];;roundedK(D)D=[227,228
228,229
229,230
230,236
236,238
238,239
239,240
240,239
239,238
238,244
244,246
246,248
248,249
249,248
248,252
];;createH(D)Lorg/apache/commons/math3/linear/FieldMatrix;=[268,269
269,271
271,272
272,274
274,278
278,281
281,288
288,290
290,295
295,296
296,297
297,300
300,296
297,298
298,296
296,295
295,309
309,310
310,311
311,312
312,311
311,318
318,319
319,320
320,318
318,328
328,343
343,344
344,345
345,346
346,344
344,343
346,347
347,346
343,353
328,329
329,343
281,282
282,284
284,287
287,290
]
